
SimulationName	Date	Day	Month	Year	JulianDay	idCell	x	y	cropSpeciesName	cropType	biomassMax	heightMax	rootDepthMax	laiMax	eaiMax	yieldMax
agroforestry	1/1/1995	1	1	1995	1	1	0.00000e+00	4.00000e+00	durum-wheat	mainCrop	7.41688e-02	9.70722e-02	8.01809e-01	1.33698e-01	0.00000e+00	0.00000e+00
agroforestry	1/1/1995	1	1	1995	1	2	1.00000e+00	4.00000e+00	durum-wheat	mainCrop	7.41688e-02	9.70722e-02	8.01809e-01	1.33698e-01	0.00000e+00	0.00000e+00
agroforestry	1/1/1995	1	1	1995	1	3	2.00000e+00	4.00000e+00	durum-wheat	mainCrop	7.41688e-02	9.70722e-02	8.01809e-01	1.33698e-01	0.00000e+00	0.00000e+00
agroforestry	1/1/1995	1	1	1995	1	4	3.00000e+00	4.00000e+00	durum-wheat	interCrop	0.00000e+00	0.00000e+00	0.00000e+00	0.00000e+00	0.00000e+00	0.00000e+00
agroforestry	1/1/1995	1	1	1995	1	5	4.00000e+00	4.00000e+00	durum-wheat	mainCrop	7.41688e-02	9.70722e-02	8.01809e-01	1.33698e-01	0.00000e+00	0.00000e+00
agroforestry	1/1/1995	1	1	1995	1	6	5.00000e+00	4.00000e+00	durum-wheat	mainCrop	7.41688e-02	9.70722e-02	8.01809e-01	1.33698e-01	0.00000e+00	0.00000e+00
agroforestry	1/1/1995	1	1	1995	1	7	6.00000e+00	4.00000e+00	durum-wheat	mainCrop	7.41688e-02	9.70722e-02	8.01809e-01	1.33698e-01	0.00000e+00	0.00000e+00
agroforestry	1/1/1995	1	1	1995	1	8	0.00000e+00	3.00000e+00	durum-wheat	mainCrop	7.41688e-02	9.70722e-02	8.01809e-01	1.33698e-01	0.00000e+00	0.00000e+00
agroforestry	1/1/1995	1	1	1995	1	9	1.00000e+00	3.00000e+00	durum-wheat	mainCrop	7.41688e-02	9.70722e-02	8.01809e-01	1.33698e-01	0.00000e+00	0.00000e+00
agroforestry	1/1/1995	1	1	1995	1	10	2.00000e+00	3.00000e+00	durum-wheat	mainCrop	7.41688e-02	9.70722e-02	8.01809e-01	1.33698e-01	0.00000e+00	0.00000e+00
agroforestry	1/1/1995	1	1	1995	1	11	3.00000e+00	3.00000e+00	durum-wheat	interCrop	0.00000e+00	0.00000e+00	0.00000e+00	0.00000e+00	0.00000e+00	0.00000e+00
agroforestry	1/1/1995	1	1	1995	1	12	4.00000e+00	3.00000e+00	durum-wheat	mainCrop	7.41688e-02	9.70722e-02	8.01809e-01	1.33698e-01	0.00000e+00	0.00000e+00
agroforestry	1/1/1995	1	1	1995	1	13	5.00000e+00	3.00000e+00	durum-wheat	mainCrop	7.41688e-02	9.70722e-02	8.01809e-01	1.33698e-01	0.00000e+00	0.00000e+00
agroforestry	1/1/1995	1	1	1995	1	14	6.00000e+00	3.00000e+00	durum-wheat	mainCrop	7.41688e-02	9.70722e-02	8.01809e-01	1.33698e-01	0.00000e+00	0.00000e+00
agroforestry	1/1/1995	1	1	1995	1	15	0.00000e+00	2.00000e+00	durum-wheat	mainCrop	7.41688e-02	9.70722e-02	8.01809e-01	1.33698e-01	0.00000e+00	0.00000e+00
agroforestry	1/1/1995	1	1	1995	1	16	1.00000e+00	2.00000e+00	durum-wheat	mainCrop	7.41688e-02	9.70722e-02	8.01809e-01	1.33698e-01	0.00000e+00	0.00000e+00
agroforestry	1/1/1995	1	1	1995	1	17	2.00000e+00	2.00000e+00	durum-wheat	mainCrop	7.41669e-02	9.70722e-02	8.01809e-01	1.33698e-01	0.00000e+00	0.00000e+00
agroforestry	1/1/1995	1	1	1995	1	18	3.00000e+00	2.00000e+00	durum-wheat	interCrop	0.00000e+00	0.00000e+00	0.00000e+00	0.00000e+00	0.00000e+00	0.00000e+00
agroforestry	1/1/1995	1	1	1995	1	19	4.00000e+00	2.00000e+00	durum-wheat	mainCrop	7.41669e-02	9.70722e-02	8.01809e-01	1.33698e-01	0.00000e+00	0.00000e+00
agroforestry	1/1/1995	1	1	1995	1	20	5.00000e+00	2.00000e+00	durum-wheat	mainCrop	7.41688e-02	9.70722e-02	8.01809e-01	1.33698e-01	0.00000e+00	0.00000e+00
agroforestry	1/1/1995	1	1	1995	1	21	6.00000e+00	2.00000e+00	durum-wheat	mainCrop	7.41688e-02	9.70722e-02	8.01809e-01	1.33698e-01	0.00000e+00	0.00000e+00
agroforestry	1/1/1995	1	1	1995	1	22	0.00000e+00	1.00000e+00	durum-wheat	mainCrop	7.41688e-02	9.70722e-02	8.01809e-01	1.33698e-01	0.00000e+00	0.00000e+00
agroforestry	1/1/1995	1	1	1995	1	23	1.00000e+00	1.00000e+00	durum-wheat	mainCrop	7.41688e-02	9.70722e-02	8.01809e-01	1.33698e-01	0.00000e+00	0.00000e+00
agroforestry	1/1/1995	1	1	1995	1	24	2.00000e+00	1.00000e+00	durum-wheat	mainCrop	7.41688e-02	9.70722e-02	8.01809e-01	1.33698e-01	0.00000e+00	0.00000e+00
agroforestry	1/1/1995	1	1	1995	1	25	3.00000e+00	1.00000e+00	durum-wheat	interCrop	0.00000e+00	0.00000e+00	0.00000e+00	0.00000e+00	0.00000e+00	0.00000e+00
agroforestry	1/1/1995	1	1	1995	1	26	4.00000e+00	1.00000e+00	durum-wheat	mainCrop	7.41688e-02	9.70722e-02	8.01809e-01	1.33698e-01	0.00000e+00	0.00000e+00
agroforestry	1/1/1995	1	1	1995	1	27	5.00000e+00	1.00000e+00	durum-wheat	mainCrop	7.41688e-02	9.70722e-02	8.01809e-01	1.33698e-01	0.00000e+00	0.00000e+00
agroforestry	1/1/1995	1	1	1995	1	28	6.00000e+00	1.00000e+00	durum-wheat	mainCrop	7.41688e-02	9.70722e-02	8.01809e-01	1.33698e-01	0.00000e+00	0.00000e+00
agroforestry	1/1/1995	1	1	1995	1	29	0.00000e+00	0.00000e+00	durum-wheat	mainCrop	7.41688e-02	9.70722e-02	8.01809e-01	1.33698e-01	0.00000e+00	0.00000e+00
agroforestry	1/1/1995	1	1	1995	1	30	1.00000e+00	0.00000e+00	durum-wheat	mainCrop	7.41688e-02	9.70722e-02	8.01809e-01	1.33698e-01	0.00000e+00	0.00000e+00
agroforestry	1/1/1995	1	1	1995	1	31	2.00000e+00	0.00000e+00	durum-wheat	mainCrop	7.41688e-02	9.70722e-02	8.01809e-01	1.33698e-01	0.00000e+00	0.00000e+00
agroforestry	1/1/1995	1	1	1995	1	32	3.00000e+00	0.00000e+00	durum-wheat	interCrop	0.00000e+00	0.00000e+00	0.00000e+00	0.00000e+00	0.00000e+00	0.00000e+00
agroforestry	1/1/1995	1	1	1995	1	33	4.00000e+00	0.00000e+00	durum-wheat	mainCrop	7.41688e-02	9.70722e-02	8.01809e-01	1.33698e-01	0.00000e+00	0.00000e+00
agroforestry	1/1/1995	1	1	1995	1	34	5.00000e+00	0.00000e+00	durum-wheat	mainCrop	7.41688e-02	9.70722e-02	8.01809e-01	1.33698e-01	0.00000e+00	0.00000e+00
agroforestry	1/1/1995	1	1	1995	1	35	6.00000e+00	0.00000e+00	durum-wheat	mainCrop	7.41688e-02	9.70722e-02	8.01809e-01	1.33698e-01	0.00000e+00	0.00000e+00
agroforestry	1/1/1996	1	1	1996	1	1	0.00000e+00	4.00000e+00	durum-wheat	mainCrop	1.59721e+01	9.10024e-01	1.68386e+00	3.03869e+00	3.88890e+00	5.31516e+00
agroforestry	1/1/1996	1	1	1996	1	2	1.00000e+00	4.00000e+00	durum-wheat	mainCrop	1.59731e+01	9.10024e-01	1.68386e+00	3.03869e+00	3.88896e+00	5.31548e+00
agroforestry	1/1/1996	1	1	1996	1	3	2.00000e+00	4.00000e+00	durum-wheat	mainCrop	1.59654e+01	9.10025e-01	1.68386e+00	3.03870e+00	3.88822e+00	5.31309e+00
agroforestry	1/1/1996	1	1	1996	1	4	3.00000e+00	4.00000e+00	durum-wheat	interCrop	0.00000e+00	0.00000e+00	0.00000e+00	0.00000e+00	0.00000e+00	0.00000e+00
agroforestry	1/1/1996	1	1	1996	1	5	4.00000e+00	4.00000e+00	durum-wheat	mainCrop	1.59656e+01	9.10025e-01	1.68386e+00	3.03870e+00	3.88822e+00	5.31313e+00
agroforestry	1/1/1996	1	1	1996	1	6	5.00000e+00	4.00000e+00	durum-wheat	mainCrop	1.59731e+01	9.10024e-01	1.68386e+00	3.03869e+00	3.88896e+00	5.31548e+00
agroforestry	1/1/1996	1	1	1996	1	7	6.00000e+00	4.00000e+00	durum-wheat	mainCrop	1.59721e+01	9.10024e-01	1.68386e+00	3.03869e+00	3.88890e+00	5.31516e+00
agroforestry	1/1/1996	1	1	1996	1	8	0.00000e+00	3.00000e+00	durum-wheat	mainCrop	1.59726e+01	9.10024e-01	1.68386e+00	3.03869e+00	3.88891e+00	5.31531e+00
agroforestry	1/1/1996	1	1	1996	1	9	1.00000e+00	3.00000e+00	durum-wheat	mainCrop	1.59681e+01	9.10025e-01	1.68386e+00	3.03871e+00	3.88840e+00	5.31393e+00
agroforestry	1/1/1996	1	1	1996	1	10	2.00000e+00	3.00000e+00	durum-wheat	mainCrop	1.59574e+01	9.10026e-01	1.68386e+00	3.03873e+00	3.88680e+00	5.31059e+00
agroforestry	1/1/1996	1	1	1996	1	11	3.00000e+00	3.00000e+00	durum-wheat	interCrop	0.00000e+00	0.00000e+00	0.00000e+00	0.00000e+00	0.00000e+00	0.00000e+00
agroforestry	1/1/1996	1	1	1996	1	12	4.00000e+00	3.00000e+00	durum-wheat	mainCrop	1.59574e+01	9.10026e-01	1.68386e+00	3.03873e+00	3.88681e+00	5.31058e+00
agroforestry	1/1/1996	1	1	1996	1	13	5.00000e+00	3.00000e+00	durum-wheat	mainCrop	1.59681e+01	9.10025e-01	1.68386e+00	3.03871e+00	3.88840e+00	5.31393e+00
agroforestry	1/1/1996	1	1	1996	1	14	6.00000e+00	3.00000e+00	durum-wheat	mainCrop	1.59726e+01	9.10024e-01	1.68386e+00	3.03869e+00	3.88891e+00	5.31531e+00
agroforestry	1/1/1996	1	1	1996	1	15	0.00000e+00	2.00000e+00	durum-wheat	mainCrop	1.59719e+01	9.10024e-01	1.68386e+00	3.03869e+00	3.88878e+00	5.31509e+00
agroforestry	1/1/1996	1	1	1996	1	16	1.00000e+00	2.00000e+00	durum-wheat	mainCrop	1.59361e+01	9.10024e-01	1.68386e+00	3.03869e+00	3.88383e+00	5.30367e+00
agroforestry	1/1/1996	1	1	1996	1	17	2.00000e+00	2.00000e+00	durum-wheat	mainCrop	1.60240e+01	9.10027e-01	1.68387e+00	3.03874e+00	3.87808e+00	5.28640e+00
agroforestry	1/1/1996	1	1	1996	1	18	3.00000e+00	2.00000e+00	durum-wheat	interCrop	0.00000e+00	0.00000e+00	0.00000e+00	0.00000e+00	0.00000e+00	0.00000e+00
agroforestry	1/1/1996	1	1	1996	1	19	4.00000e+00	2.00000e+00	durum-wheat	mainCrop	1.60241e+01	9.10027e-01	1.68387e+00	3.03874e+00	3.87807e+00	5.28643e+00
agroforestry	1/1/1996	1	1	1996	1	20	5.00000e+00	2.00000e+00	durum-wheat	mainCrop	1.59358e+01	9.10024e-01	1.68386e+00	3.03869e+00	3.88383e+00	5.30357e+00
agroforestry	1/1/1996	1	1	1996	1	21	6.00000e+00	2.00000e+00	durum-wheat	mainCrop	1.59719e+01	9.10024e-01	1.68386e+00	3.03869e+00	3.88878e+00	5.31509e+00
agroforestry	1/1/1996	1	1	1996	1	22	0.00000e+00	1.00000e+00	durum-wheat	mainCrop	1.59717e+01	9.10024e-01	1.68386e+00	3.03869e+00	3.88870e+00	5.31500e+00
agroforestry	1/1/1996	1	1	1996	1	23	1.00000e+00	1.00000e+00	durum-wheat	mainCrop	1.59633e+01	9.10024e-01	1.68386e+00	3.03869e+00	3.88767e+00	5.31241e+00
agroforestry	1/1/1996	1	1	1996	1	24	2.00000e+00	1.00000e+00	durum-wheat	mainCrop	1.59577e+01	9.10024e-01	1.68386e+00	3.03869e+00	3.88685e+00	5.31068e+00
agroforestry	1/1/1996	1	1	1996	1	25	3.00000e+00	1.00000e+00	durum-wheat	interCrop	0.00000e+00	0.00000e+00	0.00000e+00	0.00000e+00	0.00000e+00	0.00000e+00
agroforestry	1/1/1996	1	1	1996	1	26	4.00000e+00	1.00000e+00	durum-wheat	mainCrop	1.59577e+01	9.10024e-01	1.68386e+00	3.03869e+00	3.88684e+00	5.31066e+00
agroforestry	1/1/1996	1	1	1996	1	27	5.00000e+00	1.00000e+00	durum-wheat	mainCrop	1.59633e+01	9.10024e-01	1.68386e+00	3.03869e+00	3.88766e+00	5.31239e+00
agroforestry	1/1/1996	1	1	1996	1	28	6.00000e+00	1.00000e+00	durum-wheat	mainCrop	1.59717e+01	9.10024e-01	1.68386e+00	3.03869e+00	3.88870e+00	5.31500e+00
agroforestry	1/1/1996	1	1	1996	1	29	0.00000e+00	0.00000e+00	durum-wheat	mainCrop	1.59670e+01	9.10024e-01	1.68386e+00	3.03870e+00	3.88840e+00	5.31354e+00
agroforestry	1/1/1996	1	1	1996	1	30	1.00000e+00	0.00000e+00	durum-wheat	mainCrop	1.59614e+01	9.10024e-01	1.68386e+00	3.03869e+00	3.88783e+00	5.31177e+00
agroforestry	1/1/1996	1	1	1996	1	31	2.00000e+00	0.00000e+00	durum-wheat	mainCrop	1.59642e+01	9.10024e-01	1.68386e+00	3.03869e+00	3.88809e+00	5.31270e+00
agroforestry	1/1/1996	1	1	1996	1	32	3.00000e+00	0.00000e+00	durum-wheat	interCrop	0.00000e+00	0.00000e+00	0.00000e+00	0.00000e+00	0.00000e+00	0.00000e+00
agroforestry	1/1/1996	1	1	1996	1	33	4.00000e+00	0.00000e+00	durum-wheat	mainCrop	1.59644e+01	9.10024e-01	1.68386e+00	3.03869e+00	3.88809e+00	5.31275e+00
agroforestry	1/1/1996	1	1	1996	1	34	5.00000e+00	0.00000e+00	durum-wheat	mainCrop	1.59618e+01	9.10024e-01	1.68386e+00	3.03869e+00	3.88782e+00	5.31187e+00
agroforestry	1/1/1996	1	1	1996	1	35	6.00000e+00	0.00000e+00	durum-wheat	mainCrop	1.59671e+01	9.10024e-01	1.68386e+00	3.03870e+00	3.88840e+00	5.31359e+00
agroforestry	1/1/1997	1	1	1997	1	1	0.00000e+00	4.00000e+00	durum-wheat	mainCrop	1.24091e+01	7.96209e-01	1.47178e+00	1.80848e+00	3.01635e+00	3.74956e+00
agroforestry	1/1/1997	1	1	1997	1	2	1.00000e+00	4.00000e+00	durum-wheat	mainCrop	1.24097e+01	7.96209e-01	1.47186e+00	1.80848e+00	3.01653e+00	3.74973e+00
agroforestry	1/1/1997	1	1	1997	1	3	2.00000e+00	4.00000e+00	durum-wheat	mainCrop	1.24043e+01	7.96228e-01	1.47256e+00	1.80862e+00	3.01506e+00	3.74823e+00
agroforestry	1/1/1997	1	1	1997	1	4	3.00000e+00	4.00000e+00	durum-wheat	interCrop	0.00000e+00	0.00000e+00	0.00000e+00	0.00000e+00	0.00000e+00	0.00000e+00
agroforestry	1/1/1997	1	1	1997	1	5	4.00000e+00	4.00000e+00	durum-wheat	mainCrop	1.24045e+01	7.96228e-01	1.47257e+00	1.80862e+00	3.01511e+00	3.74828e+00
agroforestry	1/1/1997	1	1	1997	1	6	5.00000e+00	4.00000e+00	durum-wheat	mainCrop	1.24097e+01	7.96209e-01	1.47186e+00	1.80848e+00	3.01653e+00	3.74973e+00
agroforestry	1/1/1997	1	1	1997	1	7	6.00000e+00	4.00000e+00	durum-wheat	mainCrop	1.24091e+01	7.96209e-01	1.47178e+00	1.80848e+00	3.01637e+00	3.74958e+00
agroforestry	1/1/1997	1	1	1997	1	8	0.00000e+00	3.00000e+00	durum-wheat	mainCrop	1.24095e+01	7.96210e-01	1.47170e+00	1.80849e+00	3.01647e+00	3.74967e+00
agroforestry	1/1/1997	1	1	1997	1	9	1.00000e+00	3.00000e+00	durum-wheat	mainCrop	1.24044e+01	7.96210e-01	1.47185e+00	1.80850e+00	3.01509e+00	3.74819e+00
agroforestry	1/1/1997	1	1	1997	1	10	2.00000e+00	3.00000e+00	durum-wheat	mainCrop	1.23933e+01	7.96227e-01	1.47093e+00	1.80836e+00	3.01211e+00	3.74489e+00
agroforestry	1/1/1997	1	1	1997	1	11	3.00000e+00	3.00000e+00	durum-wheat	interCrop	0.00000e+00	0.00000e+00	0.00000e+00	0.00000e+00	0.00000e+00	0.00000e+00
agroforestry	1/1/1997	1	1	1997	1	12	4.00000e+00	3.00000e+00	durum-wheat	mainCrop	1.23933e+01	7.96227e-01	1.47093e+00	1.80836e+00	3.01210e+00	3.74487e+00
agroforestry	1/1/1997	1	1	1997	1	13	5.00000e+00	3.00000e+00	durum-wheat	mainCrop	1.24045e+01	7.96210e-01	1.47185e+00	1.80850e+00	3.01512e+00	3.74821e+00
agroforestry	1/1/1997	1	1	1997	1	14	6.00000e+00	3.00000e+00	durum-wheat	mainCrop	1.24095e+01	7.96210e-01	1.47170e+00	1.80849e+00	3.01647e+00	3.74967e+00
agroforestry	1/1/1997	1	1	1997	1	15	0.00000e+00	2.00000e+00	durum-wheat	mainCrop	1.24089e+01	7.96210e-01	1.47170e+00	1.80849e+00	3.01629e+00	3.74948e+00
agroforestry	1/1/1997	1	1	1997	1	16	1.00000e+00	2.00000e+00	durum-wheat	mainCrop	1.23626e+01	7.96104e-01	1.47175e+00	1.80790e+00	3.00392e+00	3.73575e+00
agroforestry	1/1/1997	1	1	1997	1	17	2.00000e+00	2.00000e+00	durum-wheat	mainCrop	1.23084e+01	7.96012e-01	1.47192e+00	1.80743e+00	2.98944e+00	3.72008e+00
agroforestry	1/1/1997	1	1	1997	1	18	3.00000e+00	2.00000e+00	durum-wheat	interCrop	0.00000e+00	0.00000e+00	0.00000e+00	0.00000e+00	0.00000e+00	0.00000e+00
agroforestry	1/1/1997	1	1	1997	1	19	4.00000e+00	2.00000e+00	durum-wheat	mainCrop	1.23082e+01	7.96012e-01	1.47192e+00	1.80743e+00	2.98941e+00	3.72004e+00
agroforestry	1/1/1997	1	1	1997	1	20	5.00000e+00	2.00000e+00	durum-wheat	mainCrop	1.23624e+01	7.96104e-01	1.47175e+00	1.80790e+00	3.00388e+00	3.73570e+00
agroforestry	1/1/1997	1	1	1997	1	21	6.00000e+00	2.00000e+00	durum-wheat	mainCrop	1.24089e+01	7.96210e-01	1.47170e+00	1.80849e+00	3.01629e+00	3.74948e+00
agroforestry	1/1/1997	1	1	1997	1	22	0.00000e+00	1.00000e+00	durum-wheat	mainCrop	1.24087e+01	7.96210e-01	1.47171e+00	1.80849e+00	3.01624e+00	3.74941e+00
agroforestry	1/1/1997	1	1	1997	1	23	1.00000e+00	1.00000e+00	durum-wheat	mainCrop	1.24039e+01	7.96230e-01	1.47193e+00	1.80864e+00	3.01494e+00	3.74811e+00
agroforestry	1/1/1997	1	1	1997	1	24	2.00000e+00	1.00000e+00	durum-wheat	mainCrop	1.23945e+01	7.96218e-01	1.47185e+00	1.80856e+00	3.01241e+00	3.74525e+00
agroforestry	1/1/1997	1	1	1997	1	25	3.00000e+00	1.00000e+00	durum-wheat	interCrop	0.00000e+00	0.00000e+00	0.00000e+00	0.00000e+00	0.00000e+00	0.00000e+00
agroforestry	1/1/1997	1	1	1997	1	26	4.00000e+00	1.00000e+00	durum-wheat	mainCrop	1.23945e+01	7.96218e-01	1.47185e+00	1.80856e+00	3.01242e+00	3.74525e+00
agroforestry	1/1/1997	1	1	1997	1	27	5.00000e+00	1.00000e+00	durum-wheat	mainCrop	1.24039e+01	7.96230e-01	1.47193e+00	1.80864e+00	3.01494e+00	3.74810e+00
agroforestry	1/1/1997	1	1	1997	1	28	6.00000e+00	1.00000e+00	durum-wheat	mainCrop	1.24087e+01	7.96210e-01	1.47171e+00	1.80849e+00	3.01624e+00	3.74941e+00
agroforestry	1/1/1997	1	1	1997	1	29	0.00000e+00	0.00000e+00	durum-wheat	mainCrop	1.24054e+01	7.96259e-01	1.47193e+00	1.80884e+00	3.01530e+00	3.74850e+00
agroforestry	1/1/1997	1	1	1997	1	30	1.00000e+00	0.00000e+00	durum-wheat	mainCrop	1.24004e+01	7.96220e-01	1.47173e+00	1.80857e+00	3.01402e+00	3.74708e+00
agroforestry	1/1/1997	1	1	1997	1	31	2.00000e+00	0.00000e+00	durum-wheat	mainCrop	1.24015e+01	7.96247e-01	1.47178e+00	1.80876e+00	3.01428e+00	3.74738e+00
agroforestry	1/1/1997	1	1	1997	1	32	3.00000e+00	0.00000e+00	durum-wheat	interCrop	0.00000e+00	0.00000e+00	0.00000e+00	0.00000e+00	0.00000e+00	0.00000e+00
agroforestry	1/1/1997	1	1	1997	1	33	4.00000e+00	0.00000e+00	durum-wheat	mainCrop	1.24017e+01	7.96247e-01	1.47178e+00	1.80876e+00	3.01434e+00	3.74744e+00
agroforestry	1/1/1997	1	1	1997	1	34	5.00000e+00	0.00000e+00	durum-wheat	mainCrop	1.24008e+01	7.96220e-01	1.47173e+00	1.80857e+00	3.01412e+00	3.74720e+00
agroforestry	1/1/1997	1	1	1997	1	35	6.00000e+00	0.00000e+00	durum-wheat	mainCrop	1.24056e+01	7.96259e-01	1.47193e+00	1.80884e+00	3.01535e+00	3.74856e+00
agroforestry	1/1/1998	1	1	1998	1	1	0.00000e+00	4.00000e+00	durum-wheat	mainCrop	1.24220e+01	7.70644e-01	1.41380e+00	1.76577e+00	2.97771e+00	4.16860e+00
agroforestry	1/1/1998	1	1	1998	1	2	1.00000e+00	4.00000e+00	durum-wheat	mainCrop	1.24219e+01	7.70641e-01	1.41385e+00	1.76575e+00	2.97766e+00	4.16855e+00
agroforestry	1/1/1998	1	1	1998	1	3	2.00000e+00	4.00000e+00	durum-wheat	mainCrop	1.24312e+01	7.70630e-01	1.41398e+00	1.76569e+00	2.98089e+00	4.17205e+00
agroforestry	1/1/1998	1	1	1998	1	4	3.00000e+00	4.00000e+00	durum-wheat	interCrop	0.00000e+00	0.00000e+00	0.00000e+00	0.00000e+00	0.00000e+00	0.00000e+00
agroforestry	1/1/1998	1	1	1998	1	5	4.00000e+00	4.00000e+00	durum-wheat	mainCrop	1.24313e+01	7.70630e-01	1.41398e+00	1.76569e+00	2.98089e+00	4.17207e+00
agroforestry	1/1/1998	1	1	1998	1	6	5.00000e+00	4.00000e+00	durum-wheat	mainCrop	1.24219e+01	7.70640e-01	1.41385e+00	1.76575e+00	2.97766e+00	4.16855e+00
agroforestry	1/1/1998	1	1	1998	1	7	6.00000e+00	4.00000e+00	durum-wheat	mainCrop	1.24220e+01	7.70644e-01	1.41380e+00	1.76577e+00	2.97772e+00	4.16861e+00
agroforestry	1/1/1998	1	1	1998	1	8	0.00000e+00	3.00000e+00	durum-wheat	mainCrop	1.24222e+01	7.70645e-01	1.41377e+00	1.76578e+00	2.97775e+00	4.16866e+00
agroforestry	1/1/1998	1	1	1998	1	9	1.00000e+00	3.00000e+00	durum-wheat	mainCrop	1.24164e+01	7.70625e-01	1.41383e+00	1.76566e+00	2.97648e+00	4.16682e+00
agroforestry	1/1/1998	1	1	1998	1	10	2.00000e+00	3.00000e+00	durum-wheat	mainCrop	1.24459e+01	7.76691e-01	1.41415e+00	1.78615e+00	2.94344e+00	4.35882e+00
agroforestry	1/1/1998	1	1	1998	1	11	3.00000e+00	3.00000e+00	durum-wheat	interCrop	0.00000e+00	0.00000e+00	0.00000e+00	0.00000e+00	0.00000e+00	0.00000e+00
agroforestry	1/1/1998	1	1	1998	1	12	4.00000e+00	3.00000e+00	durum-wheat	mainCrop	1.24460e+01	7.76692e-01	1.41415e+00	1.78615e+00	2.94348e+00	4.35884e+00
agroforestry	1/1/1998	1	1	1998	1	13	5.00000e+00	3.00000e+00	durum-wheat	mainCrop	1.24165e+01	7.70625e-01	1.41383e+00	1.76566e+00	2.97648e+00	4.16683e+00
agroforestry	1/1/1998	1	1	1998	1	14	6.00000e+00	3.00000e+00	durum-wheat	mainCrop	1.24222e+01	7.70645e-01	1.41377e+00	1.76578e+00	2.97775e+00	4.16866e+00
agroforestry	1/1/1998	1	1	1998	1	15	0.00000e+00	2.00000e+00	durum-wheat	mainCrop	1.24197e+01	7.70643e-01	1.41377e+00	1.76577e+00	2.97718e+00	4.16787e+00
agroforestry	1/1/1998	1	1	1998	1	16	1.00000e+00	2.00000e+00	durum-wheat	mainCrop	1.23783e+01	7.70596e-01	1.41380e+00	1.76549e+00	2.92943e+00	4.33482e+00
agroforestry	1/1/1998	1	1	1998	1	17	2.00000e+00	2.00000e+00	durum-wheat	mainCrop	1.23318e+01	7.70586e-01	1.41375e+00	1.76512e+00	2.92219e+00	4.31996e+00
agroforestry	1/1/1998	1	1	1998	1	18	3.00000e+00	2.00000e+00	durum-wheat	interCrop	0.00000e+00	0.00000e+00	0.00000e+00	0.00000e+00	0.00000e+00	0.00000e+00
agroforestry	1/1/1998	1	1	1998	1	19	4.00000e+00	2.00000e+00	durum-wheat	mainCrop	1.23317e+01	7.70586e-01	1.41375e+00	1.76512e+00	2.92217e+00	4.31993e+00
agroforestry	1/1/1998	1	1	1998	1	20	5.00000e+00	2.00000e+00	durum-wheat	mainCrop	1.23782e+01	7.70597e-01	1.41380e+00	1.76549e+00	2.92944e+00	4.33479e+00
agroforestry	1/1/1998	1	1	1998	1	21	6.00000e+00	2.00000e+00	durum-wheat	mainCrop	1.24197e+01	7.70643e-01	1.41377e+00	1.76577e+00	2.97718e+00	4.16786e+00
agroforestry	1/1/1998	1	1	1998	1	22	0.00000e+00	1.00000e+00	durum-wheat	mainCrop	1.24212e+01	7.70643e-01	1.41378e+00	1.76577e+00	2.97748e+00	4.16831e+00
agroforestry	1/1/1998	1	1	1998	1	23	1.00000e+00	1.00000e+00	durum-wheat	mainCrop	1.24285e+01	7.70636e-01	1.41384e+00	1.76573e+00	2.98021e+00	4.17117e+00
agroforestry	1/1/1998	1	1	1998	1	24	2.00000e+00	1.00000e+00	durum-wheat	mainCrop	1.24160e+01	7.70710e-01	1.41382e+00	1.76590e+00	2.97690e+00	4.16694e+00
agroforestry	1/1/1998	1	1	1998	1	25	3.00000e+00	1.00000e+00	durum-wheat	interCrop	0.00000e+00	0.00000e+00	0.00000e+00	0.00000e+00	0.00000e+00	0.00000e+00
agroforestry	1/1/1998	1	1	1998	1	26	4.00000e+00	1.00000e+00	durum-wheat	mainCrop	1.24159e+01	7.70710e-01	1.41382e+00	1.76590e+00	2.97689e+00	4.16692e+00
agroforestry	1/1/1998	1	1	1998	1	27	5.00000e+00	1.00000e+00	durum-wheat	mainCrop	1.24284e+01	7.70636e-01	1.41384e+00	1.76573e+00	2.98019e+00	4.17115e+00
agroforestry	1/1/1998	1	1	1998	1	28	6.00000e+00	1.00000e+00	durum-wheat	mainCrop	1.24212e+01	7.70643e-01	1.41378e+00	1.76577e+00	2.97748e+00	4.16831e+00
agroforestry	1/1/1998	1	1	1998	1	29	0.00000e+00	0.00000e+00	durum-wheat	mainCrop	1.24351e+01	7.70637e-01	1.41383e+00	1.76573e+00	2.98167e+00	4.17326e+00
agroforestry	1/1/1998	1	1	1998	1	30	1.00000e+00	0.00000e+00	durum-wheat	mainCrop	1.24197e+01	7.70635e-01	1.41378e+00	1.76572e+00	2.93947e+00	4.34914e+00
agroforestry	1/1/1998	1	1	1998	1	31	2.00000e+00	0.00000e+00	durum-wheat	mainCrop	1.24315e+01	7.70640e-01	1.41381e+00	1.76575e+00	2.98095e+00	4.17216e+00
agroforestry	1/1/1998	1	1	1998	1	32	3.00000e+00	0.00000e+00	durum-wheat	interCrop	0.00000e+00	0.00000e+00	0.00000e+00	0.00000e+00	0.00000e+00	0.00000e+00
agroforestry	1/1/1998	1	1	1998	1	33	4.00000e+00	0.00000e+00	durum-wheat	mainCrop	1.24316e+01	7.70640e-01	1.41381e+00	1.76575e+00	2.98096e+00	4.17218e+00
agroforestry	1/1/1998	1	1	1998	1	34	5.00000e+00	0.00000e+00	durum-wheat	mainCrop	1.24198e+01	7.70635e-01	1.41378e+00	1.76572e+00	2.93945e+00	4.34918e+00
agroforestry	1/1/1998	1	1	1998	1	35	6.00000e+00	0.00000e+00	durum-wheat	mainCrop	1.24352e+01	7.70637e-01	1.41383e+00	1.76573e+00	2.98168e+00	4.17328e+00
agroforestry	1/1/1999	1	1	1999	1	1	0.00000e+00	4.00000e+00	durum-wheat	mainCrop	1.47858e+01	8.59294e-01	1.44782e+00	2.40075e+00	3.68503e+00	4.74903e+00
agroforestry	1/1/1999	1	1	1999	1	2	1.00000e+00	4.00000e+00	durum-wheat	mainCrop	1.47838e+01	8.59281e-01	1.44782e+00	2.40063e+00	3.68467e+00	4.74842e+00
agroforestry	1/1/1999	1	1	1999	1	3	2.00000e+00	4.00000e+00	durum-wheat	mainCrop	1.47726e+01	8.59263e-01	1.44788e+00	2.40045e+00	3.68319e+00	4.74499e+00
agroforestry	1/1/1999	1	1	1999	1	4	3.00000e+00	4.00000e+00	durum-wheat	interCrop	0.00000e+00	0.00000e+00	0.00000e+00	0.00000e+00	0.00000e+00	0.00000e+00
agroforestry	1/1/1999	1	1	1999	1	5	4.00000e+00	4.00000e+00	durum-wheat	mainCrop	1.47727e+01	8.59264e-01	1.44788e+00	2.40046e+00	3.68319e+00	4.74503e+00
agroforestry	1/1/1999	1	1	1999	1	6	5.00000e+00	4.00000e+00	durum-wheat	mainCrop	1.47839e+01	8.59281e-01	1.44782e+00	2.40063e+00	3.68467e+00	4.74843e+00
agroforestry	1/1/1999	1	1	1999	1	7	6.00000e+00	4.00000e+00	durum-wheat	mainCrop	1.47858e+01	8.59293e-01	1.44782e+00	2.40075e+00	3.68503e+00	4.74903e+00
agroforestry	1/1/1999	1	1	1999	1	8	0.00000e+00	3.00000e+00	durum-wheat	mainCrop	1.47857e+01	8.59295e-01	1.44782e+00	2.40077e+00	3.68497e+00	4.74899e+00
agroforestry	1/1/1999	1	1	1999	1	9	1.00000e+00	3.00000e+00	durum-wheat	mainCrop	1.47761e+01	8.59229e-01	1.44778e+00	2.40010e+00	3.68301e+00	4.74598e+00
agroforestry	1/1/1999	1	1	1999	1	10	2.00000e+00	3.00000e+00	durum-wheat	mainCrop	1.47628e+01	8.59560e-01	1.44776e+00	2.40149e+00	3.68189e+00	4.74207e+00
agroforestry	1/1/1999	1	1	1999	1	11	3.00000e+00	3.00000e+00	durum-wheat	interCrop	0.00000e+00	0.00000e+00	0.00000e+00	0.00000e+00	0.00000e+00	0.00000e+00
agroforestry	1/1/1999	1	1	1999	1	12	4.00000e+00	3.00000e+00	durum-wheat	mainCrop	1.47626e+01	8.59560e-01	1.44776e+00	2.40149e+00	3.68188e+00	4.74200e+00
agroforestry	1/1/1999	1	1	1999	1	13	5.00000e+00	3.00000e+00	durum-wheat	mainCrop	1.47762e+01	8.59231e-01	1.44778e+00	2.40012e+00	3.68303e+00	4.74601e+00
agroforestry	1/1/1999	1	1	1999	1	14	6.00000e+00	3.00000e+00	durum-wheat	mainCrop	1.47857e+01	8.59295e-01	1.44782e+00	2.40077e+00	3.68497e+00	4.74899e+00
agroforestry	1/1/1999	1	1	1999	1	15	0.00000e+00	2.00000e+00	durum-wheat	mainCrop	1.47791e+01	8.59276e-01	1.44783e+00	2.40058e+00	3.68380e+00	4.74695e+00
agroforestry	1/1/1999	1	1	1999	1	16	1.00000e+00	2.00000e+00	durum-wheat	mainCrop	1.47373e+01	8.59098e-01	1.44783e+00	2.39863e+00	3.67571e+00	4.73387e+00
agroforestry	1/1/1999	1	1	1999	1	17	2.00000e+00	2.00000e+00	durum-wheat	mainCrop	1.46251e+01	8.58678e-01	1.44779e+00	2.39220e+00	3.65319e+00	4.69884e+00
agroforestry	1/1/1999	1	1	1999	1	18	3.00000e+00	2.00000e+00	durum-wheat	interCrop	0.00000e+00	0.00000e+00	0.00000e+00	0.00000e+00	0.00000e+00	0.00000e+00
agroforestry	1/1/1999	1	1	1999	1	19	4.00000e+00	2.00000e+00	durum-wheat	mainCrop	1.46252e+01	8.58678e-01	1.44779e+00	2.39220e+00	3.65318e+00	4.69885e+00
agroforestry	1/1/1999	1	1	1999	1	20	5.00000e+00	2.00000e+00	durum-wheat	mainCrop	1.47370e+01	8.59096e-01	1.44783e+00	2.39862e+00	3.67566e+00	4.73376e+00
agroforestry	1/1/1999	1	1	1999	1	21	6.00000e+00	2.00000e+00	durum-wheat	mainCrop	1.47791e+01	8.59276e-01	1.44783e+00	2.40058e+00	3.68379e+00	4.74693e+00
agroforestry	1/1/1999	1	1	1999	1	22	0.00000e+00	1.00000e+00	durum-wheat	mainCrop	1.47832e+01	8.59293e-01	1.44783e+00	2.40074e+00	3.68458e+00	4.74823e+00
agroforestry	1/1/1999	1	1	1999	1	23	1.00000e+00	1.00000e+00	durum-wheat	mainCrop	1.47691e+01	8.59258e-01	1.44785e+00	2.40039e+00	3.68236e+00	4.74389e+00
agroforestry	1/1/1999	1	1	1999	1	24	2.00000e+00	1.00000e+00	durum-wheat	mainCrop	1.47908e+01	8.59835e-01	1.44783e+00	2.40425e+00	3.68902e+00	4.75104e+00
agroforestry	1/1/1999	1	1	1999	1	25	3.00000e+00	1.00000e+00	durum-wheat	interCrop	0.00000e+00	0.00000e+00	0.00000e+00	0.00000e+00	0.00000e+00	0.00000e+00
agroforestry	1/1/1999	1	1	1999	1	26	4.00000e+00	1.00000e+00	durum-wheat	mainCrop	1.47908e+01	8.59834e-01	1.44783e+00	2.40425e+00	3.68901e+00	4.75103e+00
agroforestry	1/1/1999	1	1	1999	1	27	5.00000e+00	1.00000e+00	durum-wheat	mainCrop	1.47689e+01	8.59257e-01	1.44785e+00	2.40039e+00	3.68235e+00	4.74384e+00
agroforestry	1/1/1999	1	1	1999	1	28	6.00000e+00	1.00000e+00	durum-wheat	mainCrop	1.47832e+01	8.59293e-01	1.44783e+00	2.40074e+00	3.68458e+00	4.74822e+00
agroforestry	1/1/1999	1	1	1999	1	29	0.00000e+00	0.00000e+00	durum-wheat	mainCrop	1.47809e+01	8.59275e-01	1.44784e+00	2.40057e+00	3.68423e+00	4.74751e+00
agroforestry	1/1/1999	1	1	1999	1	30	1.00000e+00	0.00000e+00	durum-wheat	mainCrop	1.47725e+01	8.59234e-01	1.44783e+00	2.40015e+00	3.68276e+00	4.74491e+00
agroforestry	1/1/1999	1	1	1999	1	31	2.00000e+00	0.00000e+00	durum-wheat	mainCrop	1.47750e+01	8.59277e-01	1.44783e+00	2.40059e+00	3.68358e+00	4.74574e+00
agroforestry	1/1/1999	1	1	1999	1	32	3.00000e+00	0.00000e+00	durum-wheat	interCrop	0.00000e+00	0.00000e+00	0.00000e+00	0.00000e+00	0.00000e+00	0.00000e+00
agroforestry	1/1/1999	1	1	1999	1	33	4.00000e+00	0.00000e+00	durum-wheat	mainCrop	1.47752e+01	8.59278e-01	1.44783e+00	2.40059e+00	3.68359e+00	4.74581e+00
agroforestry	1/1/1999	1	1	1999	1	34	5.00000e+00	0.00000e+00	durum-wheat	mainCrop	1.47729e+01	8.59235e-01	1.44783e+00	2.40016e+00	3.68278e+00	4.74503e+00
agroforestry	1/1/1999	1	1	1999	1	35	6.00000e+00	0.00000e+00	durum-wheat	mainCrop	1.47811e+01	8.59276e-01	1.44784e+00	2.40057e+00	3.68424e+00	4.74756e+00
agroforestry	1/1/2000	1	1	2000	1	1	0.00000e+00	4.00000e+00	durum-wheat	mainCrop	1.03321e+01	6.22991e-01	1.30949e+00	1.30561e+00	2.67244e+00	2.81331e+00
agroforestry	1/1/2000	1	1	2000	1	2	1.00000e+00	4.00000e+00	durum-wheat	mainCrop	1.02115e+01	6.12791e-01	1.31661e+00	1.27093e+00	2.64476e+00	2.77955e+00
agroforestry	1/1/2000	1	1	2000	1	3	2.00000e+00	4.00000e+00	durum-wheat	mainCrop	1.02610e+01	6.29363e-01	1.31607e+00	1.32005e+00	2.58303e+00	2.96451e+00
agroforestry	1/1/2000	1	1	2000	1	4	3.00000e+00	4.00000e+00	durum-wheat	interCrop	0.00000e+00	0.00000e+00	0.00000e+00	0.00000e+00	0.00000e+00	0.00000e+00
agroforestry	1/1/2000	1	1	2000	1	5	4.00000e+00	4.00000e+00	durum-wheat	mainCrop	1.02610e+01	6.29363e-01	1.31607e+00	1.32005e+00	2.58302e+00	2.96450e+00
agroforestry	1/1/2000	1	1	2000	1	6	5.00000e+00	4.00000e+00	durum-wheat	mainCrop	1.02116e+01	6.12792e-01	1.31662e+00	1.27093e+00	2.64478e+00	2.77956e+00
agroforestry	1/1/2000	1	1	2000	1	7	6.00000e+00	4.00000e+00	durum-wheat	mainCrop	1.03321e+01	6.22991e-01	1.30949e+00	1.30561e+00	2.67245e+00	2.81331e+00
agroforestry	1/1/2000	1	1	2000	1	8	0.00000e+00	3.00000e+00	durum-wheat	mainCrop	1.03130e+01	6.22968e-01	1.30934e+00	1.30552e+00	2.66707e+00	2.80801e+00
agroforestry	1/1/2000	1	1	2000	1	9	1.00000e+00	3.00000e+00	durum-wheat	mainCrop	1.01720e+01	6.12736e-01	1.31597e+00	1.27072e+00	2.63365e+00	2.76892e+00
agroforestry	1/1/2000	1	1	2000	1	10	2.00000e+00	3.00000e+00	durum-wheat	mainCrop	1.02132e+01	6.29686e-01	1.31545e+00	1.32129e+00	2.57223e+00	2.94334e+00
agroforestry	1/1/2000	1	1	2000	1	11	3.00000e+00	3.00000e+00	durum-wheat	interCrop	0.00000e+00	0.00000e+00	0.00000e+00	0.00000e+00	0.00000e+00	0.00000e+00
agroforestry	1/1/2000	1	1	2000	1	12	4.00000e+00	3.00000e+00	durum-wheat	mainCrop	1.02127e+01	6.29687e-01	1.31545e+00	1.32129e+00	2.57207e+00	2.94314e+00
agroforestry	1/1/2000	1	1	2000	1	13	5.00000e+00	3.00000e+00	durum-wheat	mainCrop	1.01717e+01	6.12736e-01	1.31597e+00	1.27071e+00	2.63357e+00	2.76883e+00
agroforestry	1/1/2000	1	1	2000	1	14	6.00000e+00	3.00000e+00	durum-wheat	mainCrop	1.03129e+01	6.22968e-01	1.30934e+00	1.30552e+00	2.66705e+00	2.80799e+00
agroforestry	1/1/2000	1	1	2000	1	15	0.00000e+00	2.00000e+00	durum-wheat	mainCrop	1.02027e+01	6.22957e-01	1.30932e+00	1.30548e+00	2.57327e+00	2.93901e+00
agroforestry	1/1/2000	1	1	2000	1	16	1.00000e+00	2.00000e+00	durum-wheat	mainCrop	1.01224e+01	6.23003e-01	1.30844e+00	1.30565e+00	2.55104e+00	2.91753e+00
agroforestry	1/1/2000	1	1	2000	1	17	2.00000e+00	2.00000e+00	durum-wheat	mainCrop	9.84052e+00	6.23987e-01	1.30847e+00	1.30938e+00	2.41171e+00	2.99818e+00
agroforestry	1/1/2000	1	1	2000	1	18	3.00000e+00	2.00000e+00	durum-wheat	interCrop	0.00000e+00	0.00000e+00	0.00000e+00	0.00000e+00	0.00000e+00	0.00000e+00
agroforestry	1/1/2000	1	1	2000	1	19	4.00000e+00	2.00000e+00	durum-wheat	mainCrop	1.00009e+01	6.23990e-01	1.30847e+00	1.30939e+00	2.47407e+00	2.99763e+00
agroforestry	1/1/2000	1	1	2000	1	20	5.00000e+00	2.00000e+00	durum-wheat	mainCrop	1.01214e+01	6.23004e-01	1.30844e+00	1.30565e+00	2.55077e+00	2.91722e+00
agroforestry	1/1/2000	1	1	2000	1	21	6.00000e+00	2.00000e+00	durum-wheat	mainCrop	1.02027e+01	6.22957e-01	1.30932e+00	1.30548e+00	2.57325e+00	2.93896e+00
agroforestry	1/1/2000	1	1	2000	1	22	0.00000e+00	1.00000e+00	durum-wheat	mainCrop	1.02128e+01	6.22989e-01	1.30938e+00	1.30560e+00	2.57597e+00	2.94175e+00
agroforestry	1/1/2000	1	1	2000	1	23	1.00000e+00	1.00000e+00	durum-wheat	mainCrop	1.00955e+01	6.12918e-01	1.31609e+00	1.27138e+00	2.54980e+00	2.90702e+00
agroforestry	1/1/2000	1	1	2000	1	24	2.00000e+00	1.00000e+00	durum-wheat	mainCrop	1.00964e+01	6.13949e-01	1.31606e+00	1.27519e+00	2.54931e+00	2.90716e+00
agroforestry	1/1/2000	1	1	2000	1	25	3.00000e+00	1.00000e+00	durum-wheat	interCrop	0.00000e+00	0.00000e+00	0.00000e+00	0.00000e+00	0.00000e+00	0.00000e+00
agroforestry	1/1/2000	1	1	2000	1	26	4.00000e+00	1.00000e+00	durum-wheat	mainCrop	1.00952e+01	6.13949e-01	1.31606e+00	1.27519e+00	2.54899e+00	2.90683e+00
agroforestry	1/1/2000	1	1	2000	1	27	5.00000e+00	1.00000e+00	durum-wheat	mainCrop	1.00940e+01	6.12918e-01	1.31609e+00	1.27138e+00	2.54939e+00	2.90658e+00
agroforestry	1/1/2000	1	1	2000	1	28	6.00000e+00	1.00000e+00	durum-wheat	mainCrop	1.02126e+01	6.22988e-01	1.30938e+00	1.30560e+00	2.57593e+00	2.94172e+00
agroforestry	1/1/2000	1	1	2000	1	29	0.00000e+00	0.00000e+00	durum-wheat	mainCrop	1.02027e+01	6.12808e-01	1.31648e+00	1.27098e+00	2.64229e+00	2.77691e+00
agroforestry	1/1/2000	1	1	2000	1	30	1.00000e+00	0.00000e+00	durum-wheat	mainCrop	1.03006e+01	6.23005e-01	1.30936e+00	1.30566e+00	2.66358e+00	2.80513e+00
agroforestry	1/1/2000	1	1	2000	1	31	2.00000e+00	0.00000e+00	durum-wheat	mainCrop	1.02025e+01	6.13099e-01	1.31653e+00	1.27205e+00	2.64198e+00	2.77755e+00
agroforestry	1/1/2000	1	1	2000	1	32	3.00000e+00	0.00000e+00	durum-wheat	interCrop	0.00000e+00	0.00000e+00	0.00000e+00	0.00000e+00	0.00000e+00	0.00000e+00
agroforestry	1/1/2000	1	1	2000	1	33	4.00000e+00	0.00000e+00	durum-wheat	mainCrop	1.02026e+01	6.13098e-01	1.31653e+00	1.27205e+00	2.64200e+00	2.77759e+00
agroforestry	1/1/2000	1	1	2000	1	34	5.00000e+00	0.00000e+00	durum-wheat	mainCrop	1.03007e+01	6.23004e-01	1.30936e+00	1.30566e+00	2.66360e+00	2.80517e+00
agroforestry	1/1/2000	1	1	2000	1	35	6.00000e+00	0.00000e+00	durum-wheat	mainCrop	1.02028e+01	6.12808e-01	1.31648e+00	1.27098e+00	2.64231e+00	2.77695e+00
agroforestry	1/1/2001	1	1	2001	1	1	0.00000e+00	4.00000e+00	durum-wheat	mainCrop	1.26431e+01	7.98415e-01	1.41402e+00	1.87080e+00	3.06951e+00	4.05376e+00
agroforestry	1/1/2001	1	1	2001	1	2	1.00000e+00	4.00000e+00	durum-wheat	mainCrop	1.26956e+01	8.04184e-01	1.41427e+00	1.89356e+00	3.08039e+00	4.07128e+00
agroforestry	1/1/2001	1	1	2001	1	3	2.00000e+00	4.00000e+00	durum-wheat	mainCrop	1.26179e+01	8.03608e-01	1.41515e+00	1.88922e+00	3.06139e+00	4.04682e+00
agroforestry	1/1/2001	1	1	2001	1	4	3.00000e+00	4.00000e+00	durum-wheat	interCrop	0.00000e+00	0.00000e+00	0.00000e+00	0.00000e+00	0.00000e+00	0.00000e+00
agroforestry	1/1/2001	1	1	2001	1	5	4.00000e+00	4.00000e+00	durum-wheat	mainCrop	1.26178e+01	8.03608e-01	1.41515e+00	1.88922e+00	3.06136e+00	4.04678e+00
agroforestry	1/1/2001	1	1	2001	1	6	5.00000e+00	4.00000e+00	durum-wheat	mainCrop	1.26954e+01	8.04186e-01	1.41427e+00	1.89357e+00	3.08036e+00	4.07124e+00
agroforestry	1/1/2001	1	1	2001	1	7	6.00000e+00	4.00000e+00	durum-wheat	mainCrop	1.26431e+01	7.98415e-01	1.41401e+00	1.87080e+00	3.06950e+00	4.05374e+00
agroforestry	1/1/2001	1	1	2001	1	8	0.00000e+00	3.00000e+00	durum-wheat	mainCrop	1.26043e+01	7.98383e-01	1.41373e+00	1.87052e+00	3.06033e+00	4.04157e+00
agroforestry	1/1/2001	1	1	2001	1	9	1.00000e+00	3.00000e+00	durum-wheat	mainCrop	1.25469e+01	7.98414e-01	1.41353e+00	1.87008e+00	3.04761e+00	4.02389e+00
agroforestry	1/1/2001	1	1	2001	1	10	2.00000e+00	3.00000e+00	durum-wheat	mainCrop	1.24471e+01	8.02970e-01	1.41450e+00	1.88439e+00	3.00494e+00	3.96741e+00
agroforestry	1/1/2001	1	1	2001	1	11	3.00000e+00	3.00000e+00	durum-wheat	interCrop	0.00000e+00	0.00000e+00	0.00000e+00	0.00000e+00	0.00000e+00	0.00000e+00
agroforestry	1/1/2001	1	1	2001	1	12	4.00000e+00	3.00000e+00	durum-wheat	mainCrop	1.24449e+01	8.02969e-01	1.41451e+00	1.88438e+00	3.00459e+00	3.96669e+00
agroforestry	1/1/2001	1	1	2001	1	13	5.00000e+00	3.00000e+00	durum-wheat	mainCrop	1.25468e+01	7.98412e-01	1.41353e+00	1.87006e+00	3.04758e+00	4.02385e+00
agroforestry	1/1/2001	1	1	2001	1	14	6.00000e+00	3.00000e+00	durum-wheat	mainCrop	1.26037e+01	7.98385e-01	1.41373e+00	1.87042e+00	3.06015e+00	4.04137e+00
agroforestry	1/1/2001	1	1	2001	1	15	0.00000e+00	2.00000e+00	durum-wheat	mainCrop	1.25707e+01	7.98591e-01	1.41404e+00	1.87183e+00	3.03156e+00	4.00322e+00
agroforestry	1/1/2001	1	1	2001	1	16	1.00000e+00	2.00000e+00	durum-wheat	mainCrop	1.24197e+01	7.97815e-01	1.41427e+00	1.86586e+00	2.99625e+00	3.95638e+00
agroforestry	1/1/2001	1	1	2001	1	17	2.00000e+00	2.00000e+00	durum-wheat	mainCrop	1.21791e+01	8.02848e-01	1.41418e+00	1.88336e+00	2.95290e+00	4.06189e+00
agroforestry	1/1/2001	1	1	2001	1	18	3.00000e+00	2.00000e+00	durum-wheat	interCrop	0.00000e+00	0.00000e+00	0.00000e+00	0.00000e+00	0.00000e+00	0.00000e+00
agroforestry	1/1/2001	1	1	2001	1	19	4.00000e+00	2.00000e+00	durum-wheat	mainCrop	1.21569e+01	8.02314e-01	1.41420e+00	1.87952e+00	2.94712e+00	4.05442e+00
agroforestry	1/1/2001	1	1	2001	1	20	5.00000e+00	2.00000e+00	durum-wheat	mainCrop	1.24203e+01	7.97815e-01	1.41427e+00	1.86586e+00	2.99635e+00	3.95654e+00
agroforestry	1/1/2001	1	1	2001	1	21	6.00000e+00	2.00000e+00	durum-wheat	mainCrop	1.25705e+01	7.98595e-01	1.41404e+00	1.87185e+00	3.03151e+00	4.00314e+00
agroforestry	1/1/2001	1	1	2001	1	22	0.00000e+00	1.00000e+00	durum-wheat	mainCrop	1.25617e+01	7.98506e-01	1.41412e+00	1.87137e+00	3.05079e+00	4.02825e+00
agroforestry	1/1/2001	1	1	2001	1	23	1.00000e+00	1.00000e+00	durum-wheat	mainCrop	1.25864e+01	7.98871e-01	1.41398e+00	1.87332e+00	3.03673e+00	4.00888e+00
agroforestry	1/1/2001	1	1	2001	1	24	2.00000e+00	1.00000e+00	durum-wheat	mainCrop	1.24787e+01	7.98227e-01	1.41394e+00	1.86872e+00	3.03189e+00	4.00334e+00
agroforestry	1/1/2001	1	1	2001	1	25	3.00000e+00	1.00000e+00	durum-wheat	interCrop	0.00000e+00	0.00000e+00	0.00000e+00	0.00000e+00	0.00000e+00	0.00000e+00
agroforestry	1/1/2001	1	1	2001	1	26	4.00000e+00	1.00000e+00	durum-wheat	mainCrop	1.24792e+01	7.98235e-01	1.41394e+00	1.86878e+00	3.03200e+00	4.00351e+00
agroforestry	1/1/2001	1	1	2001	1	27	5.00000e+00	1.00000e+00	durum-wheat	mainCrop	1.25868e+01	7.98878e-01	1.41398e+00	1.87337e+00	3.03680e+00	4.00898e+00
agroforestry	1/1/2001	1	1	2001	1	28	6.00000e+00	1.00000e+00	durum-wheat	mainCrop	1.25616e+01	7.98518e-01	1.41413e+00	1.87136e+00	3.05078e+00	4.02824e+00
agroforestry	1/1/2001	1	1	2001	1	29	0.00000e+00	0.00000e+00	durum-wheat	mainCrop	1.26350e+01	7.98608e-01	1.41404e+00	1.87215e+00	3.06775e+00	4.05126e+00
agroforestry	1/1/2001	1	1	2001	1	30	1.00000e+00	0.00000e+00	durum-wheat	mainCrop	1.26220e+01	7.98709e-01	1.41405e+00	1.87260e+00	3.06510e+00	4.04740e+00
agroforestry	1/1/2001	1	1	2001	1	31	2.00000e+00	0.00000e+00	durum-wheat	mainCrop	1.25669e+01	7.98248e-01	1.41461e+00	1.86894e+00	3.05124e+00	4.03005e+00
agroforestry	1/1/2001	1	1	2001	1	32	3.00000e+00	0.00000e+00	durum-wheat	interCrop	0.00000e+00	0.00000e+00	0.00000e+00	0.00000e+00	0.00000e+00	0.00000e+00
agroforestry	1/1/2001	1	1	2001	1	33	4.00000e+00	0.00000e+00	durum-wheat	mainCrop	1.25673e+01	7.98250e-01	1.41461e+00	1.86895e+00	3.05134e+00	4.03018e+00
agroforestry	1/1/2001	1	1	2001	1	34	5.00000e+00	0.00000e+00	durum-wheat	mainCrop	1.26226e+01	7.98712e-01	1.41405e+00	1.87261e+00	3.06524e+00	4.04759e+00
agroforestry	1/1/2001	1	1	2001	1	35	6.00000e+00	0.00000e+00	durum-wheat	mainCrop	1.26352e+01	7.98608e-01	1.41404e+00	1.87215e+00	3.06780e+00	4.05133e+00
agroforestry	1/1/2002	1	1	2002	1	1	0.00000e+00	4.00000e+00	durum-wheat	mainCrop	1.28423e+01	8.84007e-01	1.41581e+00	2.62022e+00	2.90108e+00	4.39789e+00
agroforestry	1/1/2002	1	1	2002	1	2	1.00000e+00	4.00000e+00	durum-wheat	mainCrop	1.28099e+01	8.83920e-01	1.41771e+00	2.61845e+00	2.89789e+00	4.38721e+00
agroforestry	1/1/2002	1	1	2002	1	3	2.00000e+00	4.00000e+00	durum-wheat	mainCrop	1.27767e+01	8.87670e-01	1.41794e+00	2.66686e+00	2.89356e+00	4.37691e+00
agroforestry	1/1/2002	1	1	2002	1	4	3.00000e+00	4.00000e+00	durum-wheat	interCrop	0.00000e+00	0.00000e+00	0.00000e+00	0.00000e+00	0.00000e+00	0.00000e+00
agroforestry	1/1/2002	1	1	2002	1	5	4.00000e+00	4.00000e+00	durum-wheat	mainCrop	1.27767e+01	8.87672e-01	1.41794e+00	2.66688e+00	2.89351e+00	4.37696e+00
agroforestry	1/1/2002	1	1	2002	1	6	5.00000e+00	4.00000e+00	durum-wheat	mainCrop	1.28101e+01	8.83923e-01	1.41722e+00	2.61848e+00	2.89791e+00	4.38730e+00
agroforestry	1/1/2002	1	1	2002	1	7	6.00000e+00	4.00000e+00	durum-wheat	mainCrop	1.28426e+01	8.84016e-01	1.41581e+00	2.62030e+00	2.90116e+00	4.39800e+00
agroforestry	1/1/2002	1	1	2002	1	8	0.00000e+00	3.00000e+00	durum-wheat	mainCrop	1.27327e+01	8.83845e-01	1.41545e+00	2.61796e+00	2.88787e+00	4.36156e+00
agroforestry	1/1/2002	1	1	2002	1	9	1.00000e+00	3.00000e+00	durum-wheat	mainCrop	1.26023e+01	8.83349e-01	1.41572e+00	2.61128e+00	2.87233e+00	4.31857e+00
agroforestry	1/1/2002	1	1	2002	1	10	2.00000e+00	3.00000e+00	durum-wheat	mainCrop	1.24543e+01	8.87005e-01	1.41791e+00	2.65877e+00	2.86578e+00	4.27200e+00
agroforestry	1/1/2002	1	1	2002	1	11	3.00000e+00	3.00000e+00	durum-wheat	interCrop	0.00000e+00	0.00000e+00	0.00000e+00	0.00000e+00	0.00000e+00	0.00000e+00
agroforestry	1/1/2002	1	1	2002	1	12	4.00000e+00	3.00000e+00	durum-wheat	mainCrop	1.24548e+01	8.87030e-01	1.41792e+00	2.65908e+00	2.86593e+00	4.27242e+00
agroforestry	1/1/2002	1	1	2002	1	13	5.00000e+00	3.00000e+00	durum-wheat	mainCrop	1.26020e+01	8.83351e-01	1.41572e+00	2.61131e+00	2.87237e+00	4.31854e+00
agroforestry	1/1/2002	1	1	2002	1	14	6.00000e+00	3.00000e+00	durum-wheat	mainCrop	1.27382e+01	8.83852e-01	1.41545e+00	2.61804e+00	2.88947e+00	4.36340e+00
agroforestry	1/1/2002	1	1	2002	1	15	0.00000e+00	2.00000e+00	durum-wheat	mainCrop	1.26467e+01	8.83768e-01	1.41557e+00	2.61669e+00	2.88478e+00	4.33410e+00
agroforestry	1/1/2002	1	1	2002	1	16	1.00000e+00	2.00000e+00	durum-wheat	mainCrop	1.24964e+01	8.83403e-01	1.41585e+00	2.61198e+00	2.86152e+00	4.28413e+00
agroforestry	1/1/2002	1	1	2002	1	17	2.00000e+00	2.00000e+00	durum-wheat	mainCrop	1.23196e+01	8.83356e-01	1.41722e+00	2.61167e+00	2.85476e+00	4.22784e+00
agroforestry	1/1/2002	1	1	2002	1	18	3.00000e+00	2.00000e+00	durum-wheat	interCrop	0.00000e+00	0.00000e+00	0.00000e+00	0.00000e+00	0.00000e+00	0.00000e+00
agroforestry	1/1/2002	1	1	2002	1	19	4.00000e+00	2.00000e+00	durum-wheat	mainCrop	1.23215e+01	8.83409e-01	1.41722e+00	2.61231e+00	2.85533e+00	4.22869e+00
agroforestry	1/1/2002	1	1	2002	1	20	5.00000e+00	2.00000e+00	durum-wheat	mainCrop	1.24960e+01	8.83403e-01	1.41585e+00	2.61198e+00	2.86151e+00	4.28401e+00
agroforestry	1/1/2002	1	1	2002	1	21	6.00000e+00	2.00000e+00	durum-wheat	mainCrop	1.26469e+01	8.83768e-01	1.41557e+00	2.61669e+00	2.88478e+00	4.33409e+00
agroforestry	1/1/2002	1	1	2002	1	22	0.00000e+00	1.00000e+00	durum-wheat	mainCrop	1.27412e+01	8.83987e-01	1.41597e+00	2.61991e+00	2.89301e+00	4.36499e+00
agroforestry	1/1/2002	1	1	2002	1	23	1.00000e+00	1.00000e+00	durum-wheat	mainCrop	1.26166e+01	8.83593e-01	1.41633e+00	2.61431e+00	2.87154e+00	4.32330e+00
agroforestry	1/1/2002	1	1	2002	1	24	2.00000e+00	1.00000e+00	durum-wheat	mainCrop	1.26185e+01	8.83613e-01	1.41535e+00	2.61450e+00	2.87219e+00	4.32399e+00
agroforestry	1/1/2002	1	1	2002	1	25	3.00000e+00	1.00000e+00	durum-wheat	interCrop	0.00000e+00	0.00000e+00	0.00000e+00	0.00000e+00	0.00000e+00	0.00000e+00
agroforestry	1/1/2002	1	1	2002	1	26	4.00000e+00	1.00000e+00	durum-wheat	mainCrop	1.26194e+01	8.83641e-01	1.41536e+00	2.61484e+00	2.87249e+00	4.32430e+00
agroforestry	1/1/2002	1	1	2002	1	27	5.00000e+00	1.00000e+00	durum-wheat	mainCrop	1.26167e+01	8.83594e-01	1.41633e+00	2.61432e+00	2.87163e+00	4.32331e+00
agroforestry	1/1/2002	1	1	2002	1	28	6.00000e+00	1.00000e+00	durum-wheat	mainCrop	1.27408e+01	8.83975e-01	1.41597e+00	2.61976e+00	2.89287e+00	4.36484e+00
agroforestry	1/1/2002	1	1	2002	1	29	0.00000e+00	0.00000e+00	durum-wheat	mainCrop	1.28272e+01	8.84009e-01	1.41563e+00	2.62021e+00	2.90091e+00	4.39307e+00
agroforestry	1/1/2002	1	1	2002	1	30	1.00000e+00	0.00000e+00	durum-wheat	mainCrop	1.28158e+01	8.83897e-01	1.41565e+00	2.61817e+00	2.89970e+00	4.38933e+00
agroforestry	1/1/2002	1	1	2002	1	31	2.00000e+00	0.00000e+00	durum-wheat	mainCrop	1.27736e+01	8.83823e-01	1.41531e+00	2.63234e+00	2.89274e+00	4.37512e+00
agroforestry	1/1/2002	1	1	2002	1	32	3.00000e+00	0.00000e+00	durum-wheat	interCrop	0.00000e+00	0.00000e+00	0.00000e+00	0.00000e+00	0.00000e+00	0.00000e+00
agroforestry	1/1/2002	1	1	2002	1	33	4.00000e+00	0.00000e+00	durum-wheat	mainCrop	1.27494e+01	8.83824e-01	1.41531e+00	2.61689e+00	2.88546e+00	4.36673e+00
agroforestry	1/1/2002	1	1	2002	1	34	5.00000e+00	0.00000e+00	durum-wheat	mainCrop	1.28158e+01	8.83897e-01	1.41565e+00	2.61817e+00	2.89971e+00	4.38932e+00
agroforestry	1/1/2002	1	1	2002	1	35	6.00000e+00	0.00000e+00	durum-wheat	mainCrop	1.28269e+01	8.84004e-01	1.41564e+00	2.62013e+00	2.90082e+00	4.39295e+00
agroforestry	1/1/2003	1	1	2003	1	1	0.00000e+00	4.00000e+00	durum-wheat	mainCrop	1.25444e+01	7.48693e-01	1.39588e+00	1.79560e+00	2.95264e+00	4.21827e+00
agroforestry	1/1/2003	1	1	2003	1	2	1.00000e+00	4.00000e+00	durum-wheat	mainCrop	1.24898e+01	7.51513e-01	1.39454e+00	1.82458e+00	2.94384e+00	4.20324e+00
agroforestry	1/1/2003	1	1	2003	1	3	2.00000e+00	4.00000e+00	durum-wheat	mainCrop	1.18258e+01	7.22733e-01	1.35651e+00	1.73819e+00	2.88916e+00	3.90118e+00
agroforestry	1/1/2003	1	1	2003	1	4	3.00000e+00	4.00000e+00	durum-wheat	interCrop	0.00000e+00	0.00000e+00	0.00000e+00	0.00000e+00	0.00000e+00	0.00000e+00
agroforestry	1/1/2003	1	1	2003	1	5	4.00000e+00	4.00000e+00	durum-wheat	mainCrop	1.18217e+01	7.22714e-01	1.35652e+00	1.73808e+00	2.88818e+00	3.89969e+00
agroforestry	1/1/2003	1	1	2003	1	6	5.00000e+00	4.00000e+00	durum-wheat	mainCrop	1.24904e+01	7.51575e-01	1.39456e+00	1.82493e+00	2.94430e+00	4.20352e+00
agroforestry	1/1/2003	1	1	2003	1	7	6.00000e+00	4.00000e+00	durum-wheat	mainCrop	1.25439e+01	7.48699e-01	1.39588e+00	1.79564e+00	2.95262e+00	4.21812e+00
agroforestry	1/1/2003	1	1	2003	1	8	0.00000e+00	3.00000e+00	durum-wheat	mainCrop	1.23453e+01	7.47183e-01	1.39501e+00	1.79991e+00	2.92740e+00	4.16373e+00
agroforestry	1/1/2003	1	1	2003	1	9	1.00000e+00	3.00000e+00	durum-wheat	mainCrop	1.21128e+01	7.50244e-01	1.39590e+00	1.81730e+00	2.87612e+00	4.28830e+00
agroforestry	1/1/2003	1	1	2003	1	10	2.00000e+00	3.00000e+00	durum-wheat	mainCrop	1.12203e+01	7.12640e-01	1.35667e+00	1.68246e+00	2.74516e+00	3.84394e+00
agroforestry	1/1/2003	1	1	2003	1	11	3.00000e+00	3.00000e+00	durum-wheat	interCrop	0.00000e+00	0.00000e+00	0.00000e+00	0.00000e+00	0.00000e+00	0.00000e+00
agroforestry	1/1/2003	1	1	2003	1	12	4.00000e+00	3.00000e+00	durum-wheat	mainCrop	1.13525e+01	7.21277e-01	1.35654e+00	1.72342e+00	2.77821e+00	3.88983e+00
agroforestry	1/1/2003	1	1	2003	1	13	5.00000e+00	3.00000e+00	durum-wheat	mainCrop	1.21105e+01	7.50241e-01	1.39588e+00	1.81729e+00	2.87618e+00	4.28747e+00
agroforestry	1/1/2003	1	1	2003	1	14	6.00000e+00	3.00000e+00	durum-wheat	mainCrop	1.23417e+01	7.47139e-01	1.39497e+00	1.79966e+00	2.92683e+00	4.16252e+00
agroforestry	1/1/2003	1	1	2003	1	15	0.00000e+00	2.00000e+00	durum-wheat	mainCrop	1.21313e+01	7.48388e-01	1.39631e+00	1.79387e+00	2.87928e+00	4.29452e+00
agroforestry	1/1/2003	1	1	2003	1	16	1.00000e+00	2.00000e+00	durum-wheat	mainCrop	1.20516e+01	7.51176e-01	1.39590e+00	1.82264e+00	2.87247e+00	4.26962e+00
agroforestry	1/1/2003	1	1	2003	1	17	2.00000e+00	2.00000e+00	durum-wheat	mainCrop	1.12896e+01	7.39817e-01	1.39522e+00	1.75899e+00	2.68192e+00	3.96003e+00
agroforestry	1/1/2003	1	1	2003	1	18	3.00000e+00	2.00000e+00	durum-wheat	interCrop	0.00000e+00	0.00000e+00	0.00000e+00	0.00000e+00	0.00000e+00	0.00000e+00
agroforestry	1/1/2003	1	1	2003	1	19	4.00000e+00	2.00000e+00	durum-wheat	mainCrop	1.12873e+01	7.39830e-01	1.39522e+00	1.75906e+00	2.68274e+00	3.95922e+00
agroforestry	1/1/2003	1	1	2003	1	20	5.00000e+00	2.00000e+00	durum-wheat	mainCrop	1.20491e+01	7.51169e-01	1.39587e+00	1.82260e+00	2.87263e+00	4.26870e+00
agroforestry	1/1/2003	1	1	2003	1	21	6.00000e+00	2.00000e+00	durum-wheat	mainCrop	1.21325e+01	7.48418e-01	1.39629e+00	1.79404e+00	2.87979e+00	4.29496e+00
agroforestry	1/1/2003	1	1	2003	1	22	0.00000e+00	1.00000e+00	durum-wheat	mainCrop	1.23944e+01	7.48145e-01	1.39535e+00	1.79249e+00	2.92964e+00	4.17667e+00
agroforestry	1/1/2003	1	1	2003	1	23	1.00000e+00	1.00000e+00	durum-wheat	mainCrop	1.22317e+01	7.41714e-01	1.38231e+00	1.79050e+00	2.89957e+00	4.12328e+00
agroforestry	1/1/2003	1	1	2003	1	24	2.00000e+00	1.00000e+00	durum-wheat	mainCrop	1.18263e+01	7.42409e-01	1.39437e+00	1.77324e+00	2.79594e+00	3.98550e+00
agroforestry	1/1/2003	1	1	2003	1	25	3.00000e+00	1.00000e+00	durum-wheat	interCrop	0.00000e+00	0.00000e+00	0.00000e+00	0.00000e+00	0.00000e+00	0.00000e+00
agroforestry	1/1/2003	1	1	2003	1	26	4.00000e+00	1.00000e+00	durum-wheat	mainCrop	1.18299e+01	7.42523e-01	1.39336e+00	1.77388e+00	2.79696e+00	3.98676e+00
agroforestry	1/1/2003	1	1	2003	1	27	5.00000e+00	1.00000e+00	durum-wheat	mainCrop	1.22318e+01	7.41716e-01	1.38233e+00	1.79051e+00	2.89938e+00	4.12330e+00
agroforestry	1/1/2003	1	1	2003	1	28	6.00000e+00	1.00000e+00	durum-wheat	mainCrop	1.23952e+01	7.48152e-01	1.39536e+00	1.79253e+00	2.92976e+00	4.17692e+00
agroforestry	1/1/2003	1	1	2003	1	29	0.00000e+00	0.00000e+00	durum-wheat	mainCrop	1.24296e+01	7.48943e-01	1.39508e+00	1.79703e+00	2.96840e+00	4.23934e+00
agroforestry	1/1/2003	1	1	2003	1	30	1.00000e+00	0.00000e+00	durum-wheat	mainCrop	1.26178e+01	7.27224e-01	1.35679e+00	1.77768e+00	3.07685e+00	4.15806e+00
agroforestry	1/1/2003	1	1	2003	1	31	2.00000e+00	0.00000e+00	durum-wheat	mainCrop	1.21523e+01	7.28719e-01	1.35936e+00	1.76303e+00	2.94885e+00	4.00372e+00
agroforestry	1/1/2003	1	1	2003	1	32	3.00000e+00	0.00000e+00	durum-wheat	interCrop	0.00000e+00	0.00000e+00	0.00000e+00	0.00000e+00	0.00000e+00	0.00000e+00
agroforestry	1/1/2003	1	1	2003	1	33	4.00000e+00	0.00000e+00	durum-wheat	mainCrop	1.21538e+01	7.28760e-01	1.35937e+00	1.76325e+00	2.94922e+00	4.00424e+00
agroforestry	1/1/2003	1	1	2003	1	34	5.00000e+00	0.00000e+00	durum-wheat	mainCrop	1.26204e+01	7.27289e-01	1.35679e+00	1.77802e+00	3.07751e+00	4.15891e+00
agroforestry	1/1/2003	1	1	2003	1	35	6.00000e+00	0.00000e+00	durum-wheat	mainCrop	1.24303e+01	7.48953e-01	1.39511e+00	1.79708e+00	2.96854e+00	4.23957e+00
agroforestry	1/1/2004	1	1	2004	1	1	0.00000e+00	4.00000e+00	durum-wheat	mainCrop	1.29530e+01	9.01942e-01	1.58442e+00	2.65699e+00	3.12106e+00	4.00584e+00
agroforestry	1/1/2004	1	1	2004	1	2	1.00000e+00	4.00000e+00	durum-wheat	mainCrop	1.28211e+01	9.01439e-01	1.58455e+00	2.64962e+00	3.09392e+00	3.96580e+00
agroforestry	1/1/2004	1	1	2004	1	3	2.00000e+00	4.00000e+00	durum-wheat	mainCrop	1.26555e+01	9.00369e-01	1.58476e+00	2.63433e+00	3.04206e+00	3.88004e+00
agroforestry	1/1/2004	1	1	2004	1	4	3.00000e+00	4.00000e+00	durum-wheat	interCrop	0.00000e+00	0.00000e+00	0.00000e+00	0.00000e+00	0.00000e+00	0.00000e+00
agroforestry	1/1/2004	1	1	2004	1	5	4.00000e+00	4.00000e+00	durum-wheat	mainCrop	1.26491e+01	9.00371e-01	1.58476e+00	2.63438e+00	3.04141e+00	3.87798e+00
agroforestry	1/1/2004	1	1	2004	1	6	5.00000e+00	4.00000e+00	durum-wheat	mainCrop	1.28137e+01	9.01438e-01	1.58455e+00	2.64961e+00	3.09307e+00	3.96347e+00
agroforestry	1/1/2004	1	1	2004	1	7	6.00000e+00	4.00000e+00	durum-wheat	mainCrop	1.29495e+01	9.01935e-01	1.58442e+00	2.65688e+00	3.12072e+00	4.00473e+00
agroforestry	1/1/2004	1	1	2004	1	8	0.00000e+00	3.00000e+00	durum-wheat	mainCrop	1.28005e+01	9.01365e-01	1.58455e+00	2.64859e+00	3.08381e+00	3.92503e+00
agroforestry	1/1/2004	1	1	2004	1	9	1.00000e+00	3.00000e+00	durum-wheat	mainCrop	1.26557e+01	9.01454e-01	1.58463e+00	2.64987e+00	3.05819e+00	4.07284e+00
agroforestry	1/1/2004	1	1	2004	1	10	2.00000e+00	3.00000e+00	durum-wheat	mainCrop	1.21998e+01	9.01305e-01	1.58477e+00	2.64772e+00	2.98414e+00	3.93154e+00
agroforestry	1/1/2004	1	1	2004	1	11	3.00000e+00	3.00000e+00	durum-wheat	interCrop	0.00000e+00	0.00000e+00	0.00000e+00	0.00000e+00	0.00000e+00	0.00000e+00
agroforestry	1/1/2004	1	1	2004	1	12	4.00000e+00	3.00000e+00	durum-wheat	mainCrop	1.21869e+01	9.01067e-01	1.58478e+00	2.64429e+00	2.98204e+00	3.92732e+00
agroforestry	1/1/2004	1	1	2004	1	13	5.00000e+00	3.00000e+00	durum-wheat	mainCrop	1.26506e+01	9.01453e-01	1.58464e+00	2.64986e+00	3.05805e+00	4.07116e+00
agroforestry	1/1/2004	1	1	2004	1	14	6.00000e+00	3.00000e+00	durum-wheat	mainCrop	1.27955e+01	9.01368e-01	1.58455e+00	2.64863e+00	3.08311e+00	3.92348e+00
agroforestry	1/1/2004	1	1	2004	1	15	0.00000e+00	2.00000e+00	durum-wheat	mainCrop	1.28312e+01	9.01757e-01	1.58524e+00	2.65424e+00	3.09810e+00	3.93548e+00
agroforestry	1/1/2004	1	1	2004	1	16	1.00000e+00	2.00000e+00	durum-wheat	mainCrop	1.26557e+01	9.01805e-01	1.58531e+00	2.65495e+00	3.07156e+00	4.07431e+00
agroforestry	1/1/2004	1	1	2004	1	17	2.00000e+00	2.00000e+00	durum-wheat	mainCrop	1.21753e+01	9.02430e-01	1.58538e+00	2.66406e+00	2.99869e+00	3.92639e+00
agroforestry	1/1/2004	1	1	2004	1	18	3.00000e+00	2.00000e+00	durum-wheat	interCrop	0.00000e+00	0.00000e+00	0.00000e+00	0.00000e+00	0.00000e+00	0.00000e+00
agroforestry	1/1/2004	1	1	2004	1	19	4.00000e+00	2.00000e+00	durum-wheat	mainCrop	1.21716e+01	9.02446e-01	1.58538e+00	2.66430e+00	2.99905e+00	3.92516e+00
agroforestry	1/1/2004	1	1	2004	1	20	5.00000e+00	2.00000e+00	durum-wheat	mainCrop	1.26507e+01	9.01804e-01	1.58530e+00	2.65494e+00	3.07132e+00	4.07266e+00
agroforestry	1/1/2004	1	1	2004	1	21	6.00000e+00	2.00000e+00	durum-wheat	mainCrop	1.28280e+01	9.01763e-01	1.58524e+00	2.65432e+00	3.09770e+00	3.93446e+00
agroforestry	1/1/2004	1	1	2004	1	22	0.00000e+00	1.00000e+00	durum-wheat	mainCrop	1.29955e+01	9.01648e-01	1.58514e+00	2.65266e+00	3.14192e+00	4.01946e+00
agroforestry	1/1/2004	1	1	2004	1	23	1.00000e+00	1.00000e+00	durum-wheat	mainCrop	1.28879e+01	9.02119e-01	1.58522e+00	2.65950e+00	3.12120e+00	3.98769e+00
agroforestry	1/1/2004	1	1	2004	1	24	2.00000e+00	1.00000e+00	durum-wheat	mainCrop	1.28121e+01	9.02984e-01	1.56902e+00	2.69126e+00	3.10191e+00	3.96579e+00
agroforestry	1/1/2004	1	1	2004	1	25	3.00000e+00	1.00000e+00	durum-wheat	interCrop	0.00000e+00	0.00000e+00	0.00000e+00	0.00000e+00	0.00000e+00	0.00000e+00
agroforestry	1/1/2004	1	1	2004	1	26	4.00000e+00	1.00000e+00	durum-wheat	mainCrop	1.28106e+01	9.02993e-01	1.56902e+00	2.69140e+00	3.10166e+00	3.96531e+00
agroforestry	1/1/2004	1	1	2004	1	27	5.00000e+00	1.00000e+00	durum-wheat	mainCrop	1.28875e+01	9.02118e-01	1.58522e+00	2.65949e+00	3.12108e+00	3.98754e+00
agroforestry	1/1/2004	1	1	2004	1	28	6.00000e+00	1.00000e+00	durum-wheat	mainCrop	1.29952e+01	9.01648e-01	1.58513e+00	2.65266e+00	3.14182e+00	4.01935e+00
agroforestry	1/1/2004	1	1	2004	1	29	0.00000e+00	0.00000e+00	durum-wheat	mainCrop	1.32137e+01	9.02214e-01	1.58477e+00	2.66096e+00	3.17381e+00	4.08469e+00
agroforestry	1/1/2004	1	1	2004	1	30	1.00000e+00	0.00000e+00	durum-wheat	mainCrop	1.30541e+01	9.00764e-01	1.58481e+00	2.63999e+00	3.13360e+00	4.03561e+00
agroforestry	1/1/2004	1	1	2004	1	31	2.00000e+00	0.00000e+00	durum-wheat	mainCrop	1.29209e+01	9.00939e-01	1.58489e+00	2.64251e+00	3.10728e+00	3.99585e+00
agroforestry	1/1/2004	1	1	2004	1	32	3.00000e+00	0.00000e+00	durum-wheat	interCrop	0.00000e+00	0.00000e+00	0.00000e+00	0.00000e+00	0.00000e+00	0.00000e+00
agroforestry	1/1/2004	1	1	2004	1	33	4.00000e+00	0.00000e+00	durum-wheat	mainCrop	1.29046e+01	9.00699e-01	1.58489e+00	2.63906e+00	3.10313e+00	3.99075e+00
agroforestry	1/1/2004	1	1	2004	1	34	5.00000e+00	0.00000e+00	durum-wheat	mainCrop	1.30521e+01	9.00766e-01	1.58481e+00	2.64002e+00	3.13323e+00	4.03496e+00
agroforestry	1/1/2004	1	1	2004	1	35	6.00000e+00	0.00000e+00	durum-wheat	mainCrop	1.32121e+01	9.02205e-01	1.58477e+00	2.66084e+00	3.17357e+00	4.08418e+00
