
SimulationName	Date	Day	Month	Year	JulianDay	idCell	x	y	monthRelativeDiffuseParIncident	monthRelativeDirectParIncident	monthRelativeTotalParIncident
forestry	1/8/1994	1	8	1994	213	1	0.00000e+00	2.00000e+00	1.00004e+00	1.00000e+00	1.00002e+00
forestry	1/8/1994	1	8	1994	213	2	1.00000e+00	2.00000e+00	9.99827e-01	9.99966e-01	9.99913e-01
forestry	1/8/1994	1	8	1994	213	3	2.00000e+00	2.00000e+00	1.00003e+00	9.99996e-01	1.00001e+00
forestry	1/8/1994	1	8	1994	213	4	0.00000e+00	1.00000e+00	9.99827e-01	9.99514e-01	9.99632e-01
forestry	1/8/1994	1	8	1994	213	5	1.00000e+00	1.00000e+00	9.99210e-01	9.99100e-01	9.99141e-01
forestry	1/8/1994	1	8	1994	213	6	2.00000e+00	1.00000e+00	9.99827e-01	9.99514e-01	9.99632e-01
forestry	1/8/1994	1	8	1994	213	7	0.00000e+00	0.00000e+00	1.00004e+00	1.00000e+00	1.00002e+00
forestry	1/8/1994	1	8	1994	213	8	1.00000e+00	0.00000e+00	9.99827e-01	1.00000e+00	9.99936e-01
forestry	1/8/1994	1	8	1994	213	9	2.00000e+00	0.00000e+00	1.00004e+00	1.00000e+00	1.00002e+00
forestry	1/9/1994	1	9	1994	244	1	0.00000e+00	2.00000e+00	1.00004e+00	1.00000e+00	1.00002e+00
forestry	1/9/1994	1	9	1994	244	2	1.00000e+00	2.00000e+00	9.99827e-01	9.99679e-01	9.99737e-01
forestry	1/9/1994	1	9	1994	244	3	2.00000e+00	2.00000e+00	1.00003e+00	9.99968e-01	9.99993e-01
forestry	1/9/1994	1	9	1994	244	4	0.00000e+00	1.00000e+00	9.99827e-01	9.99594e-01	9.99686e-01
forestry	1/9/1994	1	9	1994	244	5	1.00000e+00	1.00000e+00	9.99210e-01	9.99328e-01	9.99282e-01
forestry	1/9/1994	1	9	1994	244	6	2.00000e+00	1.00000e+00	9.99827e-01	9.99593e-01	9.99685e-01
forestry	1/9/1994	1	9	1994	244	7	0.00000e+00	0.00000e+00	1.00004e+00	1.00000e+00	1.00002e+00
forestry	1/9/1994	1	9	1994	244	8	1.00000e+00	0.00000e+00	9.99827e-01	1.00000e+00	9.99932e-01
forestry	1/9/1994	1	9	1994	244	9	2.00000e+00	0.00000e+00	1.00004e+00	1.00000e+00	1.00002e+00
forestry	1/10/1994	1	10	1994	274	1	0.00000e+00	2.00000e+00	1.00004e+00	9.99999e-01	1.00002e+00
forestry	1/10/1994	1	10	1994	274	2	1.00000e+00	2.00000e+00	9.99826e-01	9.99319e-01	9.99552e-01
forestry	1/10/1994	1	10	1994	274	3	2.00000e+00	2.00000e+00	1.00003e+00	9.99941e-01	9.99983e-01
forestry	1/10/1994	1	10	1994	274	4	0.00000e+00	1.00000e+00	9.99827e-01	9.99810e-01	9.99818e-01
forestry	1/10/1994	1	10	1994	274	5	1.00000e+00	1.00000e+00	9.99210e-01	9.99689e-01	9.99469e-01
forestry	1/10/1994	1	10	1994	274	6	2.00000e+00	1.00000e+00	9.99827e-01	9.99810e-01	9.99818e-01
forestry	1/10/1994	1	10	1994	274	7	0.00000e+00	0.00000e+00	1.00004e+00	9.99999e-01	1.00002e+00
forestry	1/10/1994	1	10	1994	274	8	1.00000e+00	0.00000e+00	9.99827e-01	9.99999e-01	9.99920e-01
forestry	1/10/1994	1	10	1994	274	9	2.00000e+00	0.00000e+00	1.00004e+00	9.99999e-01	1.00002e+00
forestry	1/11/1994	1	11	1994	305	1	0.00000e+00	2.00000e+00	1.00004e+00	1.00000e+00	1.00002e+00
forestry	1/11/1994	1	11	1994	305	2	1.00000e+00	2.00000e+00	9.99827e-01	9.98845e-01	9.99282e-01
forestry	1/11/1994	1	11	1994	305	3	2.00000e+00	2.00000e+00	1.00003e+00	9.99981e-01	1.00000e+00
forestry	1/11/1994	1	11	1994	305	4	0.00000e+00	1.00000e+00	9.99827e-01	9.99985e-01	9.99915e-01
forestry	1/11/1994	1	11	1994	305	5	1.00000e+00	1.00000e+00	9.99210e-01	9.99997e-01	9.99646e-01
forestry	1/11/1994	1	11	1994	305	6	2.00000e+00	1.00000e+00	9.99827e-01	9.99985e-01	9.99914e-01
forestry	1/11/1994	1	11	1994	305	7	0.00000e+00	0.00000e+00	1.00004e+00	1.00000e+00	1.00002e+00
forestry	1/11/1994	1	11	1994	305	8	1.00000e+00	0.00000e+00	9.99827e-01	1.00000e+00	9.99923e-01
forestry	1/11/1994	1	11	1994	305	9	2.00000e+00	0.00000e+00	1.00004e+00	1.00000e+00	1.00002e+00
forestry	1/12/1994	1	12	1994	335	1	0.00000e+00	2.00000e+00	1.00004e+00	9.99999e-01	1.00002e+00
forestry	1/12/1994	1	12	1994	335	2	1.00000e+00	2.00000e+00	9.99827e-01	9.99512e-01	9.99663e-01
forestry	1/12/1994	1	12	1994	335	3	2.00000e+00	2.00000e+00	1.00003e+00	9.99999e-01	1.00002e+00
forestry	1/12/1994	1	12	1994	335	4	0.00000e+00	1.00000e+00	9.99827e-01	9.99999e-01	9.99917e-01
forestry	1/12/1994	1	12	1994	335	5	1.00000e+00	1.00000e+00	9.99210e-01	9.99999e-01	9.99620e-01
forestry	1/12/1994	1	12	1994	335	6	2.00000e+00	1.00000e+00	9.99827e-01	9.99999e-01	9.99916e-01
forestry	1/12/1994	1	12	1994	335	7	0.00000e+00	0.00000e+00	1.00004e+00	9.99999e-01	1.00002e+00
forestry	1/12/1994	1	12	1994	335	8	1.00000e+00	0.00000e+00	9.99827e-01	9.99999e-01	9.99917e-01
forestry	1/12/1994	1	12	1994	335	9	2.00000e+00	0.00000e+00	1.00004e+00	9.99999e-01	1.00002e+00
forestry	1/1/1995	1	1	1995	1	1	0.00000e+00	2.00000e+00	1.00004e+00	1.00000e+00	1.00002e+00
forestry	1/1/1995	1	1	1995	1	2	1.00000e+00	2.00000e+00	9.99826e-01	9.99594e-01	9.99695e-01
forestry	1/1/1995	1	1	1995	1	3	2.00000e+00	2.00000e+00	1.00003e+00	1.00000e+00	1.00001e+00
forestry	1/1/1995	1	1	1995	1	4	0.00000e+00	1.00000e+00	9.99827e-01	1.00000e+00	9.99925e-01
forestry	1/1/1995	1	1	1995	1	5	1.00000e+00	1.00000e+00	9.99210e-01	1.00000e+00	9.99656e-01
forestry	1/1/1995	1	1	1995	1	6	2.00000e+00	1.00000e+00	9.99827e-01	1.00000e+00	9.99924e-01
forestry	1/1/1995	1	1	1995	1	7	0.00000e+00	0.00000e+00	1.00004e+00	1.00000e+00	1.00002e+00
forestry	1/1/1995	1	1	1995	1	8	1.00000e+00	0.00000e+00	9.99827e-01	1.00000e+00	9.99925e-01
forestry	1/1/1995	1	1	1995	1	9	2.00000e+00	0.00000e+00	1.00004e+00	1.00000e+00	1.00002e+00
forestry	1/2/1995	1	2	1995	32	1	0.00000e+00	2.00000e+00	1.00004e+00	1.00000e+00	1.00002e+00
forestry	1/2/1995	1	2	1995	32	2	1.00000e+00	2.00000e+00	9.99827e-01	9.99595e-01	9.99685e-01
forestry	1/2/1995	1	2	1995	32	3	2.00000e+00	2.00000e+00	1.00003e+00	1.00000e+00	1.00001e+00
forestry	1/2/1995	1	2	1995	32	4	0.00000e+00	1.00000e+00	9.99827e-01	1.00000e+00	9.99933e-01
forestry	1/2/1995	1	2	1995	32	5	1.00000e+00	1.00000e+00	9.99210e-01	1.00000e+00	9.99692e-01
forestry	1/2/1995	1	2	1995	32	6	2.00000e+00	1.00000e+00	9.99827e-01	1.00000e+00	9.99933e-01
forestry	1/2/1995	1	2	1995	32	7	0.00000e+00	0.00000e+00	1.00004e+00	1.00000e+00	1.00002e+00
forestry	1/2/1995	1	2	1995	32	8	1.00000e+00	0.00000e+00	9.99828e-01	1.00000e+00	9.99933e-01
forestry	1/2/1995	1	2	1995	32	9	2.00000e+00	0.00000e+00	1.00004e+00	1.00000e+00	1.00002e+00
forestry	1/3/1995	1	3	1995	60	1	0.00000e+00	2.00000e+00	1.00004e+00	9.99450e-01	9.99694e-01
forestry	1/3/1995	1	3	1995	60	2	1.00000e+00	2.00000e+00	9.99827e-01	9.99086e-01	9.99392e-01
forestry	1/3/1995	1	3	1995	60	3	2.00000e+00	2.00000e+00	1.00003e+00	9.99444e-01	9.99687e-01
forestry	1/3/1995	1	3	1995	60	4	0.00000e+00	1.00000e+00	9.99827e-01	9.99880e-01	9.99858e-01
forestry	1/3/1995	1	3	1995	60	5	1.00000e+00	1.00000e+00	9.99210e-01	9.99898e-01	9.99614e-01
forestry	1/3/1995	1	3	1995	60	6	2.00000e+00	1.00000e+00	9.99827e-01	9.99880e-01	9.99858e-01
forestry	1/3/1995	1	3	1995	60	7	0.00000e+00	0.00000e+00	1.00004e+00	9.99606e-01	9.99786e-01
forestry	1/3/1995	1	3	1995	60	8	1.00000e+00	0.00000e+00	9.99827e-01	9.99765e-01	9.99791e-01
forestry	1/3/1995	1	3	1995	60	9	2.00000e+00	0.00000e+00	1.00004e+00	9.99608e-01	9.99787e-01
forestry	1/4/1995	1	4	1995	91	1	0.00000e+00	2.00000e+00	1.00004e+00	9.99076e-01	9.99412e-01
forestry	1/4/1995	1	4	1995	91	2	1.00000e+00	2.00000e+00	9.99827e-01	9.98766e-01	9.99136e-01
forestry	1/4/1995	1	4	1995	91	3	2.00000e+00	2.00000e+00	1.00003e+00	9.99076e-01	9.99409e-01
forestry	1/4/1995	1	4	1995	91	4	0.00000e+00	1.00000e+00	9.99827e-01	9.99881e-01	9.99862e-01
forestry	1/4/1995	1	4	1995	91	5	1.00000e+00	1.00000e+00	9.99209e-01	9.99858e-01	9.99632e-01
forestry	1/4/1995	1	4	1995	91	6	2.00000e+00	1.00000e+00	9.99827e-01	9.99880e-01	9.99862e-01
forestry	1/4/1995	1	4	1995	91	7	0.00000e+00	0.00000e+00	1.00004e+00	9.99837e-01	9.99909e-01
forestry	1/4/1995	1	4	1995	91	8	1.00000e+00	0.00000e+00	9.99827e-01	9.99905e-01	9.99878e-01
forestry	1/4/1995	1	4	1995	91	9	2.00000e+00	0.00000e+00	1.00004e+00	9.99838e-01	9.99909e-01
forestry	1/5/1995	1	5	1995	121	1	0.00000e+00	2.00000e+00	9.99381e-01	9.99285e-01	9.99324e-01
forestry	1/5/1995	1	5	1995	121	2	1.00000e+00	2.00000e+00	9.98918e-01	9.98380e-01	9.98601e-01
forestry	1/5/1995	1	5	1995	121	3	2.00000e+00	2.00000e+00	9.99374e-01	9.99286e-01	9.99322e-01
forestry	1/5/1995	1	5	1995	121	4	0.00000e+00	1.00000e+00	9.98918e-01	9.97799e-01	9.98258e-01
forestry	1/5/1995	1	5	1995	121	5	1.00000e+00	1.00000e+00	9.96774e-01	9.97939e-01	9.97461e-01
forestry	1/5/1995	1	5	1995	121	6	2.00000e+00	1.00000e+00	9.98918e-01	9.97815e-01	9.98267e-01
forestry	1/5/1995	1	5	1995	121	7	0.00000e+00	0.00000e+00	9.99381e-01	9.99504e-01	9.99453e-01
forestry	1/5/1995	1	5	1995	121	8	1.00000e+00	0.00000e+00	9.98918e-01	9.99361e-01	9.99179e-01
forestry	1/5/1995	1	5	1995	121	9	2.00000e+00	0.00000e+00	9.99381e-01	9.99503e-01	9.99453e-01
forestry	1/6/1995	1	6	1995	152	1	0.00000e+00	2.00000e+00	9.87910e-01	9.92726e-01	9.90752e-01
forestry	1/6/1995	1	6	1995	152	2	1.00000e+00	2.00000e+00	9.82226e-01	9.91141e-01	9.87487e-01
forestry	1/6/1995	1	6	1995	152	3	2.00000e+00	2.00000e+00	9.87910e-01	9.92770e-01	9.90778e-01
forestry	1/6/1995	1	6	1995	152	4	0.00000e+00	1.00000e+00	9.82227e-01	9.64239e-01	9.71611e-01
forestry	1/6/1995	1	6	1995	152	5	1.00000e+00	1.00000e+00	9.51140e-01	9.55933e-01	9.53968e-01
forestry	1/6/1995	1	6	1995	152	6	2.00000e+00	1.00000e+00	9.82226e-01	9.64209e-01	9.71594e-01
forestry	1/6/1995	1	6	1995	152	7	0.00000e+00	0.00000e+00	9.87910e-01	9.96140e-01	9.92767e-01
forestry	1/6/1995	1	6	1995	152	8	1.00000e+00	0.00000e+00	9.82227e-01	9.95772e-01	9.90220e-01
forestry	1/6/1995	1	6	1995	152	9	2.00000e+00	0.00000e+00	9.87910e-01	9.96160e-01	9.92778e-01
forestry	1/7/1995	1	7	1995	182	1	0.00000e+00	2.00000e+00	9.78117e-01	9.85265e-01	9.82616e-01
forestry	1/7/1995	1	7	1995	182	2	1.00000e+00	2.00000e+00	9.68639e-01	9.87672e-01	9.80620e-01
forestry	1/7/1995	1	7	1995	182	3	2.00000e+00	2.00000e+00	9.78117e-01	9.85244e-01	9.82603e-01
forestry	1/7/1995	1	7	1995	182	4	0.00000e+00	1.00000e+00	9.68639e-01	9.27652e-01	9.42838e-01
forestry	1/7/1995	1	7	1995	182	5	1.00000e+00	1.00000e+00	9.18155e-01	9.05874e-01	9.10424e-01
forestry	1/7/1995	1	7	1995	182	6	2.00000e+00	1.00000e+00	9.68639e-01	9.27617e-01	9.42816e-01
forestry	1/7/1995	1	7	1995	182	7	0.00000e+00	0.00000e+00	9.78117e-01	9.94321e-01	9.88317e-01
forestry	1/7/1995	1	7	1995	182	8	1.00000e+00	0.00000e+00	9.68640e-01	9.99104e-01	9.87817e-01
forestry	1/7/1995	1	7	1995	182	9	2.00000e+00	0.00000e+00	9.78117e-01	9.94389e-01	9.88360e-01
forestry	1/8/1995	1	8	1995	213	1	0.00000e+00	2.00000e+00	9.75776e-01	9.84236e-01	9.81067e-01
forestry	1/8/1995	1	8	1995	213	2	1.00000e+00	2.00000e+00	9.65359e-01	9.83825e-01	9.76908e-01
forestry	1/8/1995	1	8	1995	213	3	2.00000e+00	2.00000e+00	9.75776e-01	9.84286e-01	9.81098e-01
forestry	1/8/1995	1	8	1995	213	4	0.00000e+00	1.00000e+00	9.65360e-01	9.17090e-01	9.35172e-01
forestry	1/8/1995	1	8	1995	213	5	1.00000e+00	1.00000e+00	9.15262e-01	9.04414e-01	9.08477e-01
forestry	1/8/1995	1	8	1995	213	6	2.00000e+00	1.00000e+00	9.65359e-01	9.17067e-01	9.35158e-01
forestry	1/8/1995	1	8	1995	213	7	0.00000e+00	0.00000e+00	9.75776e-01	9.93365e-01	9.86776e-01
forestry	1/8/1995	1	8	1995	213	8	1.00000e+00	0.00000e+00	9.65360e-01	9.97031e-01	9.85167e-01
forestry	1/8/1995	1	8	1995	213	9	2.00000e+00	0.00000e+00	9.75776e-01	9.93387e-01	9.86790e-01
forestry	1/9/1995	1	9	1995	244	1	0.00000e+00	2.00000e+00	9.75776e-01	9.78831e-01	9.77570e-01
forestry	1/9/1995	1	9	1995	244	2	1.00000e+00	2.00000e+00	9.65359e-01	9.54349e-01	9.58892e-01
forestry	1/9/1995	1	9	1995	244	3	2.00000e+00	2.00000e+00	9.75776e-01	9.78994e-01	9.77666e-01
forestry	1/9/1995	1	9	1995	244	4	0.00000e+00	1.00000e+00	9.65360e-01	9.26862e-01	9.42746e-01
forestry	1/9/1995	1	9	1995	244	5	1.00000e+00	1.00000e+00	9.15262e-01	9.38968e-01	9.29186e-01
forestry	1/9/1995	1	9	1995	244	6	2.00000e+00	1.00000e+00	9.65359e-01	9.26756e-01	9.42684e-01
forestry	1/9/1995	1	9	1995	244	7	0.00000e+00	0.00000e+00	9.75776e-01	9.82042e-01	9.79456e-01
forestry	1/9/1995	1	9	1995	244	8	1.00000e+00	0.00000e+00	9.65360e-01	9.83244e-01	9.75865e-01
forestry	1/9/1995	1	9	1995	244	9	2.00000e+00	0.00000e+00	9.75776e-01	9.82044e-01	9.79458e-01
forestry	1/10/1995	1	10	1995	274	1	0.00000e+00	2.00000e+00	9.75776e-01	9.11374e-01	9.39507e-01
forestry	1/10/1995	1	10	1995	274	2	1.00000e+00	2.00000e+00	9.65359e-01	9.00408e-01	9.28781e-01
forestry	1/10/1995	1	10	1995	274	3	2.00000e+00	2.00000e+00	9.75776e-01	9.10974e-01	9.39282e-01
forestry	1/10/1995	1	10	1995	274	4	0.00000e+00	1.00000e+00	9.65359e-01	9.68073e-01	9.66887e-01
forestry	1/10/1995	1	10	1995	274	5	1.00000e+00	1.00000e+00	9.15261e-01	9.74242e-01	9.48477e-01
forestry	1/10/1995	1	10	1995	274	6	2.00000e+00	1.00000e+00	9.65359e-01	9.68325e-01	9.67029e-01
forestry	1/10/1995	1	10	1995	274	7	0.00000e+00	0.00000e+00	9.75776e-01	9.90311e-01	9.83962e-01
forestry	1/10/1995	1	10	1995	274	8	1.00000e+00	0.00000e+00	9.65360e-01	9.92223e-01	9.80488e-01
forestry	1/10/1995	1	10	1995	274	9	2.00000e+00	0.00000e+00	9.75776e-01	9.90298e-01	9.83954e-01
forestry	1/11/1995	1	11	1995	305	1	0.00000e+00	2.00000e+00	9.75776e-01	9.06997e-01	9.40233e-01
forestry	1/11/1995	1	11	1995	305	2	1.00000e+00	2.00000e+00	9.65359e-01	8.71671e-01	9.16944e-01
forestry	1/11/1995	1	11	1995	305	3	2.00000e+00	2.00000e+00	9.75776e-01	9.07140e-01	9.40307e-01
forestry	1/11/1995	1	11	1995	305	4	0.00000e+00	1.00000e+00	9.65360e-01	9.82824e-01	9.74385e-01
forestry	1/11/1995	1	11	1995	305	5	1.00000e+00	1.00000e+00	9.15262e-01	9.84958e-01	9.51278e-01
forestry	1/11/1995	1	11	1995	305	6	2.00000e+00	1.00000e+00	9.65359e-01	9.82543e-01	9.74239e-01
forestry	1/11/1995	1	11	1995	305	7	0.00000e+00	0.00000e+00	9.75776e-01	9.48620e-01	9.61742e-01
forestry	1/11/1995	1	11	1995	305	8	1.00000e+00	0.00000e+00	9.65360e-01	9.71879e-01	9.68729e-01
forestry	1/11/1995	1	11	1995	305	9	2.00000e+00	0.00000e+00	9.75776e-01	9.48975e-01	9.61926e-01
forestry	1/12/1995	1	12	1995	335	1	0.00000e+00	2.00000e+00	9.81454e-01	9.39099e-01	9.56991e-01
forestry	1/12/1995	1	12	1995	335	2	1.00000e+00	2.00000e+00	9.73476e-01	9.27136e-01	9.46712e-01
forestry	1/12/1995	1	12	1995	335	3	2.00000e+00	2.00000e+00	9.81454e-01	9.39266e-01	9.57088e-01
forestry	1/12/1995	1	12	1995	335	4	0.00000e+00	1.00000e+00	9.73476e-01	9.70612e-01	9.71822e-01
forestry	1/12/1995	1	12	1995	335	5	1.00000e+00	1.00000e+00	9.34502e-01	9.88856e-01	9.65895e-01
forestry	1/12/1995	1	12	1995	335	6	2.00000e+00	1.00000e+00	9.73476e-01	9.70390e-01	9.71694e-01
forestry	1/12/1995	1	12	1995	335	7	0.00000e+00	0.00000e+00	9.81454e-01	9.29580e-01	9.51493e-01
forestry	1/12/1995	1	12	1995	335	8	1.00000e+00	0.00000e+00	9.73476e-01	9.02579e-01	9.32528e-01
forestry	1/12/1995	1	12	1995	335	9	2.00000e+00	0.00000e+00	9.81454e-01	9.29761e-01	9.51598e-01
forestry	1/1/1996	1	1	1996	1	1	0.00000e+00	2.00000e+00	9.98968e-01	9.98073e-01	9.98528e-01
forestry	1/1/1996	1	1	1996	1	2	1.00000e+00	2.00000e+00	9.98504e-01	9.95009e-01	9.96786e-01
forestry	1/1/1996	1	1	1996	1	3	2.00000e+00	2.00000e+00	9.98968e-01	9.98017e-01	9.98501e-01
forestry	1/1/1996	1	1	1996	1	4	0.00000e+00	1.00000e+00	9.98504e-01	9.98116e-01	9.98314e-01
forestry	1/1/1996	1	1	1996	1	5	1.00000e+00	1.00000e+00	9.96113e-01	9.99230e-01	9.97645e-01
forestry	1/1/1996	1	1	1996	1	6	2.00000e+00	1.00000e+00	9.98503e-01	9.98149e-01	9.98329e-01
forestry	1/1/1996	1	1	1996	1	7	0.00000e+00	0.00000e+00	9.98968e-01	9.95776e-01	9.97399e-01
forestry	1/1/1996	1	1	1996	1	8	1.00000e+00	0.00000e+00	9.98504e-01	9.93156e-01	9.95876e-01
forestry	1/1/1996	1	1	1996	1	9	2.00000e+00	0.00000e+00	9.98968e-01	9.95700e-01	9.97362e-01
forestry	1/2/1996	1	2	1996	32	1	0.00000e+00	2.00000e+00	9.99791e-01	9.99422e-01	9.99645e-01
forestry	1/2/1996	1	2	1996	32	2	1.00000e+00	2.00000e+00	9.99681e-01	9.98794e-01	9.99331e-01
forestry	1/2/1996	1	2	1996	32	3	2.00000e+00	2.00000e+00	9.99791e-01	9.99419e-01	9.99644e-01
forestry	1/2/1996	1	2	1996	32	4	0.00000e+00	1.00000e+00	9.99682e-01	9.99516e-01	9.99616e-01
forestry	1/2/1996	1	2	1996	32	5	1.00000e+00	1.00000e+00	9.99115e-01	9.99814e-01	9.99390e-01
forestry	1/2/1996	1	2	1996	32	6	2.00000e+00	1.00000e+00	9.99681e-01	9.99517e-01	9.99616e-01
forestry	1/2/1996	1	2	1996	32	7	0.00000e+00	0.00000e+00	9.99791e-01	9.98915e-01	9.99445e-01
forestry	1/2/1996	1	2	1996	32	8	1.00000e+00	0.00000e+00	9.99682e-01	9.98245e-01	9.99115e-01
forestry	1/2/1996	1	2	1996	32	9	2.00000e+00	0.00000e+00	9.99791e-01	9.98904e-01	9.99441e-01
forestry	1/3/1996	1	3	1996	61	1	0.00000e+00	2.00000e+00	9.99790e-01	9.99127e-01	9.99351e-01
forestry	1/3/1996	1	3	1996	61	2	1.00000e+00	2.00000e+00	9.99681e-01	9.98907e-01	9.99168e-01
forestry	1/3/1996	1	3	1996	61	3	2.00000e+00	2.00000e+00	9.99790e-01	9.99124e-01	9.99349e-01
forestry	1/3/1996	1	3	1996	61	4	0.00000e+00	1.00000e+00	9.99682e-01	9.99742e-01	9.99722e-01
forestry	1/3/1996	1	3	1996	61	5	1.00000e+00	1.00000e+00	9.99114e-01	9.99843e-01	9.99597e-01
forestry	1/3/1996	1	3	1996	61	6	2.00000e+00	1.00000e+00	9.99681e-01	9.99741e-01	9.99721e-01
forestry	1/3/1996	1	3	1996	61	7	0.00000e+00	0.00000e+00	9.99790e-01	9.99249e-01	9.99432e-01
forestry	1/3/1996	1	3	1996	61	8	1.00000e+00	0.00000e+00	9.99682e-01	9.99337e-01	9.99454e-01
forestry	1/3/1996	1	3	1996	61	9	2.00000e+00	0.00000e+00	9.99790e-01	9.99250e-01	9.99433e-01
forestry	1/4/1996	1	4	1996	92	1	0.00000e+00	2.00000e+00	9.99791e-01	9.98926e-01	9.99292e-01
forestry	1/4/1996	1	4	1996	92	2	1.00000e+00	2.00000e+00	9.99681e-01	9.98670e-01	9.99098e-01
forestry	1/4/1996	1	4	1996	92	3	2.00000e+00	2.00000e+00	9.99791e-01	9.98929e-01	9.99293e-01
forestry	1/4/1996	1	4	1996	92	4	0.00000e+00	1.00000e+00	9.99682e-01	9.99849e-01	9.99778e-01
forestry	1/4/1996	1	4	1996	92	5	1.00000e+00	1.00000e+00	9.99115e-01	9.99835e-01	9.99531e-01
forestry	1/4/1996	1	4	1996	92	6	2.00000e+00	1.00000e+00	9.99681e-01	9.99848e-01	9.99777e-01
forestry	1/4/1996	1	4	1996	92	7	0.00000e+00	0.00000e+00	9.99791e-01	9.99788e-01	9.99789e-01
forestry	1/4/1996	1	4	1996	92	8	1.00000e+00	0.00000e+00	9.99682e-01	9.99885e-01	9.99799e-01
forestry	1/4/1996	1	4	1996	92	9	2.00000e+00	0.00000e+00	9.99791e-01	9.99789e-01	9.99790e-01
forestry	1/5/1996	1	5	1996	122	1	0.00000e+00	2.00000e+00	9.99708e-01	9.99412e-01	9.99535e-01
forestry	1/5/1996	1	5	1996	122	2	1.00000e+00	2.00000e+00	9.99562e-01	9.99135e-01	9.99312e-01
forestry	1/5/1996	1	5	1996	122	3	2.00000e+00	2.00000e+00	9.99708e-01	9.99415e-01	9.99536e-01
forestry	1/5/1996	1	5	1996	122	4	0.00000e+00	1.00000e+00	9.99563e-01	9.99326e-01	9.99425e-01
forestry	1/5/1996	1	5	1996	122	5	1.00000e+00	1.00000e+00	9.98812e-01	9.99446e-01	9.99183e-01
forestry	1/5/1996	1	5	1996	122	6	2.00000e+00	1.00000e+00	9.99562e-01	9.99328e-01	9.99426e-01
forestry	1/5/1996	1	5	1996	122	7	0.00000e+00	0.00000e+00	9.99708e-01	9.99823e-01	9.99775e-01
forestry	1/5/1996	1	5	1996	122	8	1.00000e+00	0.00000e+00	9.99563e-01	9.99811e-01	9.99708e-01
forestry	1/5/1996	1	5	1996	122	9	2.00000e+00	0.00000e+00	9.99708e-01	9.99823e-01	9.99775e-01
forestry	1/6/1996	1	6	1996	153	1	0.00000e+00	2.00000e+00	9.86878e-01	9.91006e-01	9.89307e-01
forestry	1/6/1996	1	6	1996	153	2	1.00000e+00	2.00000e+00	9.81478e-01	9.88384e-01	9.85543e-01
forestry	1/6/1996	1	6	1996	153	3	2.00000e+00	2.00000e+00	9.86878e-01	9.91036e-01	9.89325e-01
forestry	1/6/1996	1	6	1996	153	4	0.00000e+00	1.00000e+00	9.81478e-01	9.52491e-01	9.64417e-01
forestry	1/6/1996	1	6	1996	153	5	1.00000e+00	1.00000e+00	9.53914e-01	9.47513e-01	9.50146e-01
forestry	1/6/1996	1	6	1996	153	6	2.00000e+00	1.00000e+00	9.81478e-01	9.52415e-01	9.64373e-01
forestry	1/6/1996	1	6	1996	153	7	0.00000e+00	0.00000e+00	9.86878e-01	9.94823e-01	9.91554e-01
forestry	1/6/1996	1	6	1996	153	8	1.00000e+00	0.00000e+00	9.81478e-01	9.95391e-01	9.89667e-01
forestry	1/6/1996	1	6	1996	153	9	2.00000e+00	0.00000e+00	9.86878e-01	9.94833e-01	9.91560e-01
forestry	1/7/1996	1	7	1996	183	1	0.00000e+00	2.00000e+00	9.80756e-01	9.88581e-01	9.85726e-01
forestry	1/7/1996	1	7	1996	183	2	1.00000e+00	2.00000e+00	9.73373e-01	9.88497e-01	9.82979e-01
forestry	1/7/1996	1	7	1996	183	3	2.00000e+00	2.00000e+00	9.80756e-01	9.88561e-01	9.85713e-01
forestry	1/7/1996	1	7	1996	183	4	0.00000e+00	1.00000e+00	9.73373e-01	9.36261e-01	9.49800e-01
forestry	1/7/1996	1	7	1996	183	5	1.00000e+00	1.00000e+00	9.34691e-01	9.23168e-01	9.27372e-01
forestry	1/7/1996	1	7	1996	183	6	2.00000e+00	1.00000e+00	9.73373e-01	9.36206e-01	9.49765e-01
forestry	1/7/1996	1	7	1996	183	7	0.00000e+00	0.00000e+00	9.80756e-01	9.94759e-01	9.89650e-01
forestry	1/7/1996	1	7	1996	183	8	1.00000e+00	0.00000e+00	9.73373e-01	9.99296e-01	9.89839e-01
forestry	1/7/1996	1	7	1996	183	9	2.00000e+00	0.00000e+00	9.80756e-01	9.94833e-01	9.89698e-01
forestry	1/8/1996	1	8	1996	214	1	0.00000e+00	2.00000e+00	9.78659e-01	9.86286e-01	9.83379e-01
forestry	1/8/1996	1	8	1996	214	2	1.00000e+00	2.00000e+00	9.70846e-01	9.85678e-01	9.80026e-01
forestry	1/8/1996	1	8	1996	214	3	2.00000e+00	2.00000e+00	9.78659e-01	9.86338e-01	9.83412e-01
forestry	1/8/1996	1	8	1996	214	4	0.00000e+00	1.00000e+00	9.70846e-01	9.29022e-01	9.44960e-01
forestry	1/8/1996	1	8	1996	214	5	1.00000e+00	1.00000e+00	9.28936e-01	9.18306e-01	9.22357e-01
forestry	1/8/1996	1	8	1996	214	6	2.00000e+00	1.00000e+00	9.70846e-01	9.29242e-01	9.45095e-01
forestry	1/8/1996	1	8	1996	214	7	0.00000e+00	0.00000e+00	9.78659e-01	9.93757e-01	9.88004e-01
forestry	1/8/1996	1	8	1996	214	8	1.00000e+00	0.00000e+00	9.70846e-01	9.96916e-01	9.86982e-01
forestry	1/8/1996	1	8	1996	214	9	2.00000e+00	0.00000e+00	9.78659e-01	9.93742e-01	9.87994e-01
forestry	1/9/1996	1	9	1996	245	1	0.00000e+00	2.00000e+00	9.78476e-01	9.79925e-01	9.79341e-01
forestry	1/9/1996	1	9	1996	245	2	1.00000e+00	2.00000e+00	9.70611e-01	9.58900e-01	9.63617e-01
forestry	1/9/1996	1	9	1996	245	3	2.00000e+00	2.00000e+00	9.78476e-01	9.79852e-01	9.79298e-01
forestry	1/9/1996	1	9	1996	245	4	0.00000e+00	1.00000e+00	9.70611e-01	9.38881e-01	9.51663e-01
forestry	1/9/1996	1	9	1996	245	5	1.00000e+00	1.00000e+00	9.28423e-01	9.46328e-01	9.39115e-01
forestry	1/9/1996	1	9	1996	245	6	2.00000e+00	1.00000e+00	9.70611e-01	9.38883e-01	9.51664e-01
forestry	1/9/1996	1	9	1996	245	7	0.00000e+00	0.00000e+00	9.78476e-01	9.83677e-01	9.81582e-01
forestry	1/9/1996	1	9	1996	245	8	1.00000e+00	0.00000e+00	9.70611e-01	9.85679e-01	9.79609e-01
forestry	1/9/1996	1	9	1996	245	9	2.00000e+00	0.00000e+00	9.78476e-01	9.83677e-01	9.81582e-01
forestry	1/10/1996	1	10	1996	275	1	0.00000e+00	2.00000e+00	9.78476e-01	9.22933e-01	9.43689e-01
forestry	1/10/1996	1	10	1996	275	2	1.00000e+00	2.00000e+00	9.70611e-01	9.17509e-01	9.37353e-01
forestry	1/10/1996	1	10	1996	275	3	2.00000e+00	2.00000e+00	9.78476e-01	9.23373e-01	9.43965e-01
forestry	1/10/1996	1	10	1996	275	4	0.00000e+00	1.00000e+00	9.70611e-01	9.72900e-01	9.72045e-01
forestry	1/10/1996	1	10	1996	275	5	1.00000e+00	1.00000e+00	9.28423e-01	9.76534e-01	9.58555e-01
forestry	1/10/1996	1	10	1996	275	6	2.00000e+00	1.00000e+00	9.70611e-01	9.72930e-01	9.72064e-01
forestry	1/10/1996	1	10	1996	275	7	0.00000e+00	0.00000e+00	9.78476e-01	9.90859e-01	9.86232e-01
forestry	1/10/1996	1	10	1996	275	8	1.00000e+00	0.00000e+00	9.70611e-01	9.92844e-01	9.84536e-01
forestry	1/10/1996	1	10	1996	275	9	2.00000e+00	0.00000e+00	9.78476e-01	9.90781e-01	9.86182e-01
forestry	1/11/1996	1	11	1996	306	1	0.00000e+00	2.00000e+00	9.78475e-01	9.20836e-01	9.45207e-01
forestry	1/11/1996	1	11	1996	306	2	1.00000e+00	2.00000e+00	9.70611e-01	8.93535e-01	9.26125e-01
forestry	1/11/1996	1	11	1996	306	3	2.00000e+00	2.00000e+00	9.78476e-01	9.20655e-01	9.45103e-01
forestry	1/11/1996	1	11	1996	306	4	0.00000e+00	1.00000e+00	9.70611e-01	9.82740e-01	9.77612e-01
forestry	1/11/1996	1	11	1996	306	5	1.00000e+00	1.00000e+00	9.28423e-01	9.86638e-01	9.62023e-01
forestry	1/11/1996	1	11	1996	306	6	2.00000e+00	1.00000e+00	9.70611e-01	9.82676e-01	9.77575e-01
forestry	1/11/1996	1	11	1996	306	7	0.00000e+00	0.00000e+00	9.78475e-01	9.51845e-01	9.63105e-01
forestry	1/11/1996	1	11	1996	306	8	1.00000e+00	0.00000e+00	9.70611e-01	9.73450e-01	9.72250e-01
forestry	1/11/1996	1	11	1996	306	9	2.00000e+00	0.00000e+00	9.78475e-01	9.52109e-01	9.63257e-01
forestry	1/12/1996	1	12	1996	336	1	0.00000e+00	2.00000e+00	9.82004e-01	9.49414e-01	9.64752e-01
forestry	1/12/1996	1	12	1996	336	2	1.00000e+00	2.00000e+00	9.75366e-01	9.35074e-01	9.54037e-01
forestry	1/12/1996	1	12	1996	336	3	2.00000e+00	2.00000e+00	9.82004e-01	9.50084e-01	9.65106e-01
forestry	1/12/1996	1	12	1996	336	4	0.00000e+00	1.00000e+00	9.75366e-01	9.73377e-01	9.74313e-01
forestry	1/12/1996	1	12	1996	336	5	1.00000e+00	1.00000e+00	9.39656e-01	9.84972e-01	9.63645e-01
forestry	1/12/1996	1	12	1996	336	6	2.00000e+00	1.00000e+00	9.75366e-01	9.73066e-01	9.74148e-01
forestry	1/12/1996	1	12	1996	336	7	0.00000e+00	0.00000e+00	9.82004e-01	9.28532e-01	9.53698e-01
forestry	1/12/1996	1	12	1996	336	8	1.00000e+00	0.00000e+00	9.75366e-01	9.10286e-01	9.40915e-01
forestry	1/12/1996	1	12	1996	336	9	2.00000e+00	0.00000e+00	9.82004e-01	9.28971e-01	9.53930e-01
forestry	1/1/1997	1	1	1997	1	1	0.00000e+00	2.00000e+00	9.98478e-01	9.96363e-01	9.97544e-01
forestry	1/1/1997	1	1	1997	1	2	1.00000e+00	2.00000e+00	9.97876e-01	9.91192e-01	9.94923e-01
forestry	1/1/1997	1	1	1997	1	3	2.00000e+00	2.00000e+00	9.98478e-01	9.96320e-01	9.97525e-01
forestry	1/1/1997	1	1	1997	1	4	0.00000e+00	1.00000e+00	9.97876e-01	9.96126e-01	9.97103e-01
forestry	1/1/1997	1	1	1997	1	5	1.00000e+00	1.00000e+00	9.94581e-01	9.97879e-01	9.96038e-01
forestry	1/1/1997	1	1	1997	1	6	2.00000e+00	1.00000e+00	9.97876e-01	9.96155e-01	9.97116e-01
forestry	1/1/1997	1	1	1997	1	7	0.00000e+00	0.00000e+00	9.98478e-01	9.91366e-01	9.95336e-01
forestry	1/1/1997	1	1	1997	1	8	1.00000e+00	0.00000e+00	9.97876e-01	9.86702e-01	9.92940e-01
forestry	1/1/1997	1	1	1997	1	9	2.00000e+00	0.00000e+00	9.98478e-01	9.91261e-01	9.95290e-01
forestry	1/2/1997	1	2	1997	32	1	0.00000e+00	2.00000e+00	9.99763e-01	9.99383e-01	9.99566e-01
forestry	1/2/1997	1	2	1997	32	2	1.00000e+00	2.00000e+00	9.99655e-01	9.98844e-01	9.99235e-01
forestry	1/2/1997	1	2	1997	32	3	2.00000e+00	2.00000e+00	9.99763e-01	9.99396e-01	9.99573e-01
forestry	1/2/1997	1	2	1997	32	4	0.00000e+00	1.00000e+00	9.99655e-01	9.99471e-01	9.99560e-01
forestry	1/2/1997	1	2	1997	32	5	1.00000e+00	1.00000e+00	9.99056e-01	9.99718e-01	9.99399e-01
forestry	1/2/1997	1	2	1997	32	6	2.00000e+00	1.00000e+00	9.99655e-01	9.99464e-01	9.99556e-01
forestry	1/2/1997	1	2	1997	32	7	0.00000e+00	0.00000e+00	9.99763e-01	9.98762e-01	9.99245e-01
forestry	1/2/1997	1	2	1997	32	8	1.00000e+00	0.00000e+00	9.99655e-01	9.98118e-01	9.98859e-01
forestry	1/2/1997	1	2	1997	32	9	2.00000e+00	0.00000e+00	9.99763e-01	9.98760e-01	9.99243e-01
forestry	1/3/1997	1	3	1997	60	1	0.00000e+00	2.00000e+00	9.99763e-01	9.99119e-01	9.99381e-01
forestry	1/3/1997	1	3	1997	60	2	1.00000e+00	2.00000e+00	9.99655e-01	9.98877e-01	9.99193e-01
forestry	1/3/1997	1	3	1997	60	3	2.00000e+00	2.00000e+00	9.99763e-01	9.99113e-01	9.99377e-01
forestry	1/3/1997	1	3	1997	60	4	0.00000e+00	1.00000e+00	9.99655e-01	9.99699e-01	9.99681e-01
forestry	1/3/1997	1	3	1997	60	5	1.00000e+00	1.00000e+00	9.99056e-01	9.99806e-01	9.99501e-01
forestry	1/3/1997	1	3	1997	60	6	2.00000e+00	1.00000e+00	9.99655e-01	9.99699e-01	9.99681e-01
forestry	1/3/1997	1	3	1997	60	7	0.00000e+00	0.00000e+00	9.99763e-01	9.99096e-01	9.99367e-01
forestry	1/3/1997	1	3	1997	60	8	1.00000e+00	0.00000e+00	9.99655e-01	9.99184e-01	9.99375e-01
forestry	1/3/1997	1	3	1997	60	9	2.00000e+00	0.00000e+00	9.99763e-01	9.99097e-01	9.99368e-01
forestry	1/4/1997	1	4	1997	91	1	0.00000e+00	2.00000e+00	9.99763e-01	9.98806e-01	9.99092e-01
forestry	1/4/1997	1	4	1997	91	2	1.00000e+00	2.00000e+00	9.99655e-01	9.98599e-01	9.98915e-01
forestry	1/4/1997	1	4	1997	91	3	2.00000e+00	2.00000e+00	9.99763e-01	9.98806e-01	9.99092e-01
forestry	1/4/1997	1	4	1997	91	4	0.00000e+00	1.00000e+00	9.99655e-01	9.99837e-01	9.99783e-01
forestry	1/4/1997	1	4	1997	91	5	1.00000e+00	1.00000e+00	9.99056e-01	9.99839e-01	9.99605e-01
forestry	1/4/1997	1	4	1997	91	6	2.00000e+00	1.00000e+00	9.99655e-01	9.99836e-01	9.99782e-01
forestry	1/4/1997	1	4	1997	91	7	0.00000e+00	0.00000e+00	9.99763e-01	9.99783e-01	9.99777e-01
forestry	1/4/1997	1	4	1997	91	8	1.00000e+00	0.00000e+00	9.99655e-01	9.99888e-01	9.99818e-01
forestry	1/4/1997	1	4	1997	91	9	2.00000e+00	0.00000e+00	9.99763e-01	9.99784e-01	9.99778e-01
forestry	1/5/1997	1	5	1997	121	1	0.00000e+00	2.00000e+00	9.96921e-01	9.96998e-01	9.96974e-01
forestry	1/5/1997	1	5	1997	121	2	1.00000e+00	2.00000e+00	9.95670e-01	9.94183e-01	9.94649e-01
forestry	1/5/1997	1	5	1997	121	3	2.00000e+00	2.00000e+00	9.96921e-01	9.96985e-01	9.96965e-01
forestry	1/5/1997	1	5	1997	121	4	0.00000e+00	1.00000e+00	9.95670e-01	9.92599e-01	9.93562e-01
forestry	1/5/1997	1	5	1997	121	5	1.00000e+00	1.00000e+00	9.89743e-01	9.93068e-01	9.92026e-01
forestry	1/5/1997	1	5	1997	121	6	2.00000e+00	1.00000e+00	9.95670e-01	9.92626e-01	9.93580e-01
forestry	1/5/1997	1	5	1997	121	7	0.00000e+00	0.00000e+00	9.96921e-01	9.97789e-01	9.97517e-01
forestry	1/5/1997	1	5	1997	121	8	1.00000e+00	0.00000e+00	9.95670e-01	9.98159e-01	9.97379e-01
forestry	1/5/1997	1	5	1997	121	9	2.00000e+00	0.00000e+00	9.96921e-01	9.97785e-01	9.97514e-01
forestry	1/6/1997	1	6	1997	152	1	0.00000e+00	2.00000e+00	9.79571e-01	9.83975e-01	9.82036e-01
forestry	1/6/1997	1	6	1997	152	2	1.00000e+00	2.00000e+00	9.71292e-01	9.73197e-01	9.72359e-01
forestry	1/6/1997	1	6	1997	152	3	2.00000e+00	2.00000e+00	9.79571e-01	9.83952e-01	9.82024e-01
forestry	1/6/1997	1	6	1997	152	4	0.00000e+00	1.00000e+00	9.71293e-01	9.38303e-01	9.52824e-01
forestry	1/6/1997	1	6	1997	152	5	1.00000e+00	1.00000e+00	9.32405e-01	9.31246e-01	9.31756e-01
forestry	1/6/1997	1	6	1997	152	6	2.00000e+00	1.00000e+00	9.71292e-01	9.38281e-01	9.52811e-01
forestry	1/6/1997	1	6	1997	152	7	0.00000e+00	0.00000e+00	9.79571e-01	9.89878e-01	9.85341e-01
forestry	1/6/1997	1	6	1997	152	8	1.00000e+00	0.00000e+00	9.71294e-01	9.93424e-01	9.83683e-01
forestry	1/6/1997	1	6	1997	152	9	2.00000e+00	0.00000e+00	9.79571e-01	9.89938e-01	9.85375e-01
forestry	1/7/1997	1	7	1997	182	1	0.00000e+00	2.00000e+00	9.70408e-01	9.82333e-01	9.76634e-01
forestry	1/7/1997	1	7	1997	182	2	1.00000e+00	2.00000e+00	9.58143e-01	9.68340e-01	9.63467e-01
forestry	1/7/1997	1	7	1997	182	3	2.00000e+00	2.00000e+00	9.70408e-01	9.82321e-01	9.76627e-01
forestry	1/7/1997	1	7	1997	182	4	0.00000e+00	1.00000e+00	9.58143e-01	9.07903e-01	9.31914e-01
forestry	1/7/1997	1	7	1997	182	5	1.00000e+00	1.00000e+00	9.02576e-01	8.89620e-01	8.95812e-01
forestry	1/7/1997	1	7	1997	182	6	2.00000e+00	1.00000e+00	9.58143e-01	9.07725e-01	9.31821e-01
forestry	1/7/1997	1	7	1997	182	7	0.00000e+00	0.00000e+00	9.70408e-01	9.89203e-01	9.80221e-01
forestry	1/7/1997	1	7	1997	182	8	1.00000e+00	0.00000e+00	9.58144e-01	9.97017e-01	9.78438e-01
forestry	1/7/1997	1	7	1997	182	9	2.00000e+00	0.00000e+00	9.70408e-01	9.89291e-01	9.80266e-01
forestry	1/8/1997	1	8	1997	213	1	0.00000e+00	2.00000e+00	9.64576e-01	9.76216e-01	9.71853e-01
forestry	1/8/1997	1	8	1997	213	2	1.00000e+00	2.00000e+00	9.48024e-01	9.59311e-01	9.55080e-01
forestry	1/8/1997	1	8	1997	213	3	2.00000e+00	2.00000e+00	9.64576e-01	9.76149e-01	9.71811e-01
forestry	1/8/1997	1	8	1997	213	4	0.00000e+00	1.00000e+00	9.48024e-01	8.87001e-01	9.09877e-01
forestry	1/8/1997	1	8	1997	213	5	1.00000e+00	1.00000e+00	8.85107e-01	8.72270e-01	8.77082e-01
forestry	1/8/1997	1	8	1997	213	6	2.00000e+00	1.00000e+00	9.48024e-01	8.87124e-01	9.09954e-01
forestry	1/8/1997	1	8	1997	213	7	0.00000e+00	0.00000e+00	9.64576e-01	9.86965e-01	9.78572e-01
forestry	1/8/1997	1	8	1997	213	8	1.00000e+00	0.00000e+00	9.48024e-01	9.92563e-01	9.75867e-01
forestry	1/8/1997	1	8	1997	213	9	2.00000e+00	0.00000e+00	9.64576e-01	9.87010e-01	9.78600e-01
forestry	1/9/1997	1	9	1997	244	1	0.00000e+00	2.00000e+00	9.64351e-01	9.59660e-01	9.61585e-01
forestry	1/9/1997	1	9	1997	244	2	1.00000e+00	2.00000e+00	9.47592e-01	9.28404e-01	9.36276e-01
forestry	1/9/1997	1	9	1997	244	3	2.00000e+00	2.00000e+00	9.64351e-01	9.59908e-01	9.61731e-01
forestry	1/9/1997	1	9	1997	244	4	0.00000e+00	1.00000e+00	9.47592e-01	9.08092e-01	9.24297e-01
forestry	1/9/1997	1	9	1997	244	5	1.00000e+00	1.00000e+00	8.84569e-01	9.05811e-01	8.97096e-01
forestry	1/9/1997	1	9	1997	244	6	2.00000e+00	1.00000e+00	9.47592e-01	9.07991e-01	9.24237e-01
forestry	1/9/1997	1	9	1997	244	7	0.00000e+00	0.00000e+00	9.64351e-01	9.76503e-01	9.71518e-01
forestry	1/9/1997	1	9	1997	244	8	1.00000e+00	0.00000e+00	9.47592e-01	9.78800e-01	9.65997e-01
forestry	1/9/1997	1	9	1997	244	9	2.00000e+00	0.00000e+00	9.64351e-01	9.76481e-01	9.71505e-01
forestry	1/10/1997	1	10	1997	274	1	0.00000e+00	2.00000e+00	9.64351e-01	8.73366e-01	9.03791e-01
forestry	1/10/1997	1	10	1997	274	2	1.00000e+00	2.00000e+00	9.47592e-01	8.56159e-01	8.86734e-01
forestry	1/10/1997	1	10	1997	274	3	2.00000e+00	2.00000e+00	9.64351e-01	8.73394e-01	9.03810e-01
forestry	1/10/1997	1	10	1997	274	4	0.00000e+00	1.00000e+00	9.47592e-01	9.56242e-01	9.53350e-01
forestry	1/10/1997	1	10	1997	274	5	1.00000e+00	1.00000e+00	8.84569e-01	9.54421e-01	9.31063e-01
forestry	1/10/1997	1	10	1997	274	6	2.00000e+00	1.00000e+00	9.47592e-01	9.56402e-01	9.53456e-01
forestry	1/10/1997	1	10	1997	274	7	0.00000e+00	0.00000e+00	9.64351e-01	9.87765e-01	9.79936e-01
forestry	1/10/1997	1	10	1997	274	8	1.00000e+00	0.00000e+00	9.47592e-01	9.89220e-01	9.75300e-01
forestry	1/10/1997	1	10	1997	274	9	2.00000e+00	0.00000e+00	9.64351e-01	9.87738e-01	9.79917e-01
forestry	1/11/1997	1	11	1997	305	1	0.00000e+00	2.00000e+00	9.64352e-01	8.84328e-01	9.15853e-01
forestry	1/11/1997	1	11	1997	305	2	1.00000e+00	2.00000e+00	9.47592e-01	8.31098e-01	8.76991e-01
forestry	1/11/1997	1	11	1997	305	3	2.00000e+00	2.00000e+00	9.64352e-01	8.84458e-01	9.15932e-01
forestry	1/11/1997	1	11	1997	305	4	0.00000e+00	1.00000e+00	9.47592e-01	9.63317e-01	9.57122e-01
forestry	1/11/1997	1	11	1997	305	5	1.00000e+00	1.00000e+00	8.84569e-01	9.76677e-01	9.40391e-01
forestry	1/11/1997	1	11	1997	305	6	2.00000e+00	1.00000e+00	9.47592e-01	9.63246e-01	9.57079e-01
forestry	1/11/1997	1	11	1997	305	7	0.00000e+00	0.00000e+00	9.64351e-01	9.27193e-01	9.41832e-01
forestry	1/11/1997	1	11	1997	305	8	1.00000e+00	0.00000e+00	9.47592e-01	9.54114e-01	9.51545e-01
forestry	1/11/1997	1	11	1997	305	9	2.00000e+00	0.00000e+00	9.64351e-01	9.27450e-01	9.41987e-01
forestry	1/12/1997	1	12	1997	335	1	0.00000e+00	2.00000e+00	9.76609e-01	9.44745e-01	9.59590e-01
forestry	1/12/1997	1	12	1997	335	2	1.00000e+00	2.00000e+00	9.65893e-01	9.33075e-01	9.48365e-01
forestry	1/12/1997	1	12	1997	335	3	2.00000e+00	2.00000e+00	9.76609e-01	9.44394e-01	9.59403e-01
forestry	1/12/1997	1	12	1997	335	4	0.00000e+00	1.00000e+00	9.65893e-01	9.59128e-01	9.62280e-01
forestry	1/12/1997	1	12	1997	335	5	1.00000e+00	1.00000e+00	9.25209e-01	9.73230e-01	9.50857e-01
forestry	1/12/1997	1	12	1997	335	6	2.00000e+00	1.00000e+00	9.65893e-01	9.59197e-01	9.62317e-01
forestry	1/12/1997	1	12	1997	335	7	0.00000e+00	0.00000e+00	9.76609e-01	9.03278e-01	9.37443e-01
forestry	1/12/1997	1	12	1997	335	8	1.00000e+00	0.00000e+00	9.65893e-01	8.84833e-01	9.22599e-01
forestry	1/12/1997	1	12	1997	335	9	2.00000e+00	0.00000e+00	9.76609e-01	9.03627e-01	9.37630e-01
forestry	1/1/1998	1	1	1998	1	1	0.00000e+00	2.00000e+00	9.98348e-01	9.96477e-01	9.97270e-01
forestry	1/1/1998	1	1	1998	1	2	1.00000e+00	2.00000e+00	9.97644e-01	9.92984e-01	9.94959e-01
forestry	1/1/1998	1	1	1998	1	3	2.00000e+00	2.00000e+00	9.98347e-01	9.96413e-01	9.97233e-01
forestry	1/1/1998	1	1	1998	1	4	0.00000e+00	1.00000e+00	9.97644e-01	9.95690e-01	9.96518e-01
forestry	1/1/1998	1	1	1998	1	5	1.00000e+00	1.00000e+00	9.94908e-01	9.97197e-01	9.96227e-01
forestry	1/1/1998	1	1	1998	1	6	2.00000e+00	1.00000e+00	9.97644e-01	9.95732e-01	9.96542e-01
forestry	1/1/1998	1	1	1998	1	7	0.00000e+00	0.00000e+00	9.98347e-01	9.92103e-01	9.94750e-01
forestry	1/1/1998	1	1	1998	1	8	1.00000e+00	0.00000e+00	9.97644e-01	9.89266e-01	9.92818e-01
forestry	1/1/1998	1	1	1998	1	9	2.00000e+00	0.00000e+00	9.98347e-01	9.92006e-01	9.94695e-01
forestry	1/2/1998	1	2	1998	32	1	0.00000e+00	2.00000e+00	9.99095e-01	9.98111e-01	9.98574e-01
forestry	1/2/1998	1	2	1998	32	2	1.00000e+00	2.00000e+00	9.98715e-01	9.96769e-01	9.97684e-01
forestry	1/2/1998	1	2	1998	32	3	2.00000e+00	2.00000e+00	9.99095e-01	9.98118e-01	9.98577e-01
forestry	1/2/1998	1	2	1998	32	4	0.00000e+00	1.00000e+00	9.98714e-01	9.97971e-01	9.98320e-01
forestry	1/2/1998	1	2	1998	32	5	1.00000e+00	1.00000e+00	9.97232e-01	9.98700e-01	9.98010e-01
forestry	1/2/1998	1	2	1998	32	6	2.00000e+00	1.00000e+00	9.98715e-01	9.97962e-01	9.98316e-01
forestry	1/2/1998	1	2	1998	32	7	0.00000e+00	0.00000e+00	9.99095e-01	9.96027e-01	9.97469e-01
forestry	1/2/1998	1	2	1998	32	8	1.00000e+00	0.00000e+00	9.98714e-01	9.94693e-01	9.96584e-01
forestry	1/2/1998	1	2	1998	32	9	2.00000e+00	0.00000e+00	9.99095e-01	9.96007e-01	9.97459e-01
forestry	1/3/1998	1	3	1998	60	1	0.00000e+00	2.00000e+00	9.99095e-01	9.97636e-01	9.98136e-01
forestry	1/3/1998	1	3	1998	60	2	1.00000e+00	2.00000e+00	9.98715e-01	9.96718e-01	9.97403e-01
forestry	1/3/1998	1	3	1998	60	3	2.00000e+00	2.00000e+00	9.99095e-01	9.97622e-01	9.98127e-01
forestry	1/3/1998	1	3	1998	60	4	0.00000e+00	1.00000e+00	9.98714e-01	9.98861e-01	9.98811e-01
forestry	1/3/1998	1	3	1998	60	5	1.00000e+00	1.00000e+00	9.97233e-01	9.99272e-01	9.98573e-01
forestry	1/3/1998	1	3	1998	60	6	2.00000e+00	1.00000e+00	9.98715e-01	9.98858e-01	9.98809e-01
forestry	1/3/1998	1	3	1998	60	7	0.00000e+00	0.00000e+00	9.99095e-01	9.96969e-01	9.97698e-01
forestry	1/3/1998	1	3	1998	60	8	1.00000e+00	0.00000e+00	9.98714e-01	9.97446e-01	9.97881e-01
forestry	1/3/1998	1	3	1998	60	9	2.00000e+00	0.00000e+00	9.99095e-01	9.96976e-01	9.97703e-01
forestry	1/4/1998	1	4	1998	91	1	0.00000e+00	2.00000e+00	9.99095e-01	9.96465e-01	9.97417e-01
forestry	1/4/1998	1	4	1998	91	2	1.00000e+00	2.00000e+00	9.98715e-01	9.95682e-01	9.96780e-01
forestry	1/4/1998	1	4	1998	91	3	2.00000e+00	2.00000e+00	9.99095e-01	9.96463e-01	9.97416e-01
forestry	1/4/1998	1	4	1998	91	4	0.00000e+00	1.00000e+00	9.98714e-01	9.99273e-01	9.99071e-01
forestry	1/4/1998	1	4	1998	91	5	1.00000e+00	1.00000e+00	9.97233e-01	9.99427e-01	9.98633e-01
forestry	1/4/1998	1	4	1998	91	6	2.00000e+00	1.00000e+00	9.98715e-01	9.99272e-01	9.99070e-01
forestry	1/4/1998	1	4	1998	91	7	0.00000e+00	0.00000e+00	9.99095e-01	9.99262e-01	9.99201e-01
forestry	1/4/1998	1	4	1998	91	8	1.00000e+00	0.00000e+00	9.98714e-01	9.99525e-01	9.99232e-01
forestry	1/4/1998	1	4	1998	91	9	2.00000e+00	0.00000e+00	9.99095e-01	9.99258e-01	9.99199e-01
forestry	1/5/1998	1	5	1998	121	1	0.00000e+00	2.00000e+00	9.98700e-01	9.97645e-01	9.98118e-01
forestry	1/5/1998	1	5	1998	121	2	1.00000e+00	2.00000e+00	9.98172e-01	9.96641e-01	9.97328e-01
forestry	1/5/1998	1	5	1998	121	3	2.00000e+00	2.00000e+00	9.98700e-01	9.97640e-01	9.98116e-01
forestry	1/5/1998	1	5	1998	121	4	0.00000e+00	1.00000e+00	9.98172e-01	9.97228e-01	9.97652e-01
forestry	1/5/1998	1	5	1998	121	5	1.00000e+00	1.00000e+00	9.96160e-01	9.97148e-01	9.96705e-01
forestry	1/5/1998	1	5	1998	121	6	2.00000e+00	1.00000e+00	9.98172e-01	9.97221e-01	9.97648e-01
forestry	1/5/1998	1	5	1998	121	7	0.00000e+00	0.00000e+00	9.98700e-01	9.99077e-01	9.98908e-01
forestry	1/5/1998	1	5	1998	121	8	1.00000e+00	0.00000e+00	9.98172e-01	9.99181e-01	9.98728e-01
forestry	1/5/1998	1	5	1998	121	9	2.00000e+00	0.00000e+00	9.98700e-01	9.99076e-01	9.98908e-01
forestry	1/6/1998	1	6	1998	152	1	0.00000e+00	2.00000e+00	9.66388e-01	9.68698e-01	9.67819e-01
forestry	1/6/1998	1	6	1998	152	2	1.00000e+00	2.00000e+00	9.52489e-01	9.50781e-01	9.51431e-01
forestry	1/6/1998	1	6	1998	152	3	2.00000e+00	2.00000e+00	9.66387e-01	9.68765e-01	9.67861e-01
forestry	1/6/1998	1	6	1998	152	4	0.00000e+00	1.00000e+00	9.52489e-01	9.14767e-01	9.29121e-01
forestry	1/6/1998	1	6	1998	152	5	1.00000e+00	1.00000e+00	9.04268e-01	9.01862e-01	9.02777e-01
forestry	1/6/1998	1	6	1998	152	6	2.00000e+00	1.00000e+00	9.52489e-01	9.14669e-01	9.29061e-01
forestry	1/6/1998	1	6	1998	152	7	0.00000e+00	0.00000e+00	9.66387e-01	9.83398e-01	9.76925e-01
forestry	1/6/1998	1	6	1998	152	8	1.00000e+00	0.00000e+00	9.52489e-01	9.87172e-01	9.73974e-01
forestry	1/6/1998	1	6	1998	152	9	2.00000e+00	0.00000e+00	9.66387e-01	9.83447e-01	9.76955e-01
forestry	1/7/1998	1	7	1998	182	1	0.00000e+00	2.00000e+00	9.22995e-01	9.24002e-01	9.23652e-01
forestry	1/7/1998	1	7	1998	182	2	1.00000e+00	2.00000e+00	8.87075e-01	8.85626e-01	8.86130e-01
forestry	1/7/1998	1	7	1998	182	3	2.00000e+00	2.00000e+00	9.22995e-01	9.24051e-01	9.23684e-01
forestry	1/7/1998	1	7	1998	182	4	0.00000e+00	1.00000e+00	8.57363e-01	7.50325e-01	7.87518e-01
forestry	1/7/1998	1	7	1998	182	5	1.00000e+00	1.00000e+00	6.67889e-01	6.92542e-01	6.83976e-01
forestry	1/7/1998	1	7	1998	182	6	2.00000e+00	1.00000e+00	8.57363e-01	7.50395e-01	7.87564e-01
forestry	1/7/1998	1	7	1998	182	7	0.00000e+00	0.00000e+00	9.05186e-01	9.09215e-01	9.07815e-01
forestry	1/7/1998	1	7	1998	182	8	1.00000e+00	0.00000e+00	8.63716e-01	9.21914e-01	9.01692e-01
forestry	1/7/1998	1	7	1998	182	9	2.00000e+00	0.00000e+00	9.05186e-01	9.09317e-01	9.07882e-01
forestry	1/8/1998	1	8	1998	213	1	0.00000e+00	2.00000e+00	9.11975e-01	9.23252e-01	9.19422e-01
forestry	1/8/1998	1	8	1998	213	2	1.00000e+00	2.00000e+00	8.75145e-01	8.81333e-01	8.79231e-01
forestry	1/8/1998	1	8	1998	213	3	2.00000e+00	2.00000e+00	9.11975e-01	9.22747e-01	9.19088e-01
forestry	1/8/1998	1	8	1998	213	4	0.00000e+00	1.00000e+00	8.63327e-01	7.60098e-01	7.95160e-01
forestry	1/8/1998	1	8	1998	213	5	1.00000e+00	1.00000e+00	7.49140e-01	7.22349e-01	7.31448e-01
forestry	1/8/1998	1	8	1998	213	6	2.00000e+00	1.00000e+00	8.63327e-01	7.59529e-01	7.94784e-01
forestry	1/8/1998	1	8	1998	213	7	0.00000e+00	0.00000e+00	9.08697e-01	9.56747e-01	9.40427e-01
forestry	1/8/1998	1	8	1998	213	8	1.00000e+00	0.00000e+00	8.72404e-01	9.47098e-01	9.21728e-01
forestry	1/8/1998	1	8	1998	213	9	2.00000e+00	0.00000e+00	9.08697e-01	9.56928e-01	9.40546e-01
forestry	1/9/1998	1	9	1998	244	1	0.00000e+00	2.00000e+00	9.09514e-01	8.58894e-01	8.76964e-01
forestry	1/9/1998	1	9	1998	244	2	1.00000e+00	2.00000e+00	8.71759e-01	7.93956e-01	8.21730e-01
forestry	1/9/1998	1	9	1998	244	3	2.00000e+00	2.00000e+00	9.09514e-01	8.59216e-01	8.77171e-01
forestry	1/9/1998	1	9	1998	244	4	0.00000e+00	1.00000e+00	8.61762e-01	8.14696e-01	8.31497e-01
forestry	1/9/1998	1	9	1998	244	5	1.00000e+00	1.00000e+00	7.49046e-01	7.80022e-01	7.68965e-01
forestry	1/9/1998	1	9	1998	244	6	2.00000e+00	1.00000e+00	8.61762e-01	8.14583e-01	8.31424e-01
forestry	1/9/1998	1	9	1998	244	7	0.00000e+00	0.00000e+00	9.06808e-01	9.54295e-01	9.37343e-01
forestry	1/9/1998	1	9	1998	244	8	1.00000e+00	0.00000e+00	8.69634e-01	9.49525e-01	9.21007e-01
forestry	1/9/1998	1	9	1998	244	9	2.00000e+00	0.00000e+00	9.06808e-01	9.54273e-01	9.37329e-01
forestry	1/10/1998	1	10	1998	274	1	0.00000e+00	2.00000e+00	9.09514e-01	7.33823e-01	8.02154e-01
forestry	1/10/1998	1	10	1998	274	2	1.00000e+00	2.00000e+00	8.71759e-01	6.56710e-01	7.40349e-01
forestry	1/10/1998	1	10	1998	274	3	2.00000e+00	2.00000e+00	9.09514e-01	7.34294e-01	8.02442e-01
forestry	1/10/1998	1	10	1998	274	4	0.00000e+00	1.00000e+00	8.61762e-01	9.07518e-01	8.89723e-01
forestry	1/10/1998	1	10	1998	274	5	1.00000e+00	1.00000e+00	7.49045e-01	8.84815e-01	8.32011e-01
forestry	1/10/1998	1	10	1998	274	6	2.00000e+00	1.00000e+00	8.61762e-01	9.07559e-01	8.89748e-01
forestry	1/10/1998	1	10	1998	274	7	0.00000e+00	0.00000e+00	9.06808e-01	9.51761e-01	9.34277e-01
forestry	1/10/1998	1	10	1998	274	8	1.00000e+00	0.00000e+00	8.69634e-01	9.46966e-01	9.16889e-01
forestry	1/10/1998	1	10	1998	274	9	2.00000e+00	0.00000e+00	9.06808e-01	9.51752e-01	9.34272e-01
forestry	1/11/1998	1	11	1998	305	1	0.00000e+00	2.00000e+00	9.09514e-01	7.49477e-01	8.18236e-01
forestry	1/11/1998	1	11	1998	305	2	1.00000e+00	2.00000e+00	8.71759e-01	6.73661e-01	7.58772e-01
forestry	1/11/1998	1	11	1998	305	3	2.00000e+00	2.00000e+00	9.09514e-01	7.49296e-01	8.18133e-01
forestry	1/11/1998	1	11	1998	305	4	0.00000e+00	1.00000e+00	8.61762e-01	8.96150e-01	8.81376e-01
forestry	1/11/1998	1	11	1998	305	5	1.00000e+00	1.00000e+00	7.49045e-01	9.39627e-01	8.57745e-01
forestry	1/11/1998	1	11	1998	305	6	2.00000e+00	1.00000e+00	8.61762e-01	8.96807e-01	8.81750e-01
forestry	1/11/1998	1	11	1998	305	7	0.00000e+00	0.00000e+00	9.06808e-01	7.99928e-01	8.45848e-01
forestry	1/11/1998	1	11	1998	305	8	1.00000e+00	0.00000e+00	8.69634e-01	8.13349e-01	8.37532e-01
forestry	1/11/1998	1	11	1998	305	9	2.00000e+00	0.00000e+00	9.06808e-01	8.00659e-01	8.46265e-01
forestry	1/12/1998	1	12	1998	335	1	0.00000e+00	2.00000e+00	9.24741e-01	8.61397e-01	8.86318e-01
forestry	1/12/1998	1	12	1998	335	2	1.00000e+00	2.00000e+00	8.93532e-01	8.30672e-01	8.55403e-01
forestry	1/12/1998	1	12	1998	335	3	2.00000e+00	2.00000e+00	9.24741e-01	8.61686e-01	8.86493e-01
forestry	1/12/1998	1	12	1998	335	4	0.00000e+00	1.00000e+00	8.78470e-01	7.82546e-01	8.20285e-01
forestry	1/12/1998	1	12	1998	335	5	1.00000e+00	1.00000e+00	7.77826e-01	8.80894e-01	8.40344e-01
forestry	1/12/1998	1	12	1998	335	6	2.00000e+00	1.00000e+00	8.78470e-01	7.82451e-01	8.20227e-01
forestry	1/12/1998	1	12	1998	335	7	0.00000e+00	0.00000e+00	9.19376e-01	7.39473e-01	8.10251e-01
forestry	1/12/1998	1	12	1998	335	8	1.00000e+00	0.00000e+00	8.89937e-01	7.32309e-01	7.94324e-01
forestry	1/12/1998	1	12	1998	335	9	2.00000e+00	0.00000e+00	9.19376e-01	7.39904e-01	8.10513e-01
forestry	1/1/1999	1	1	1999	1	1	0.00000e+00	2.00000e+00	9.91447e-01	9.84561e-01	9.87455e-01
forestry	1/1/1999	1	1	1999	1	2	1.00000e+00	2.00000e+00	9.88110e-01	9.72395e-01	9.79000e-01
forestry	1/1/1999	1	1	1999	1	3	2.00000e+00	2.00000e+00	9.91447e-01	9.84542e-01	9.87444e-01
forestry	1/1/1999	1	1	1999	1	4	0.00000e+00	1.00000e+00	9.61572e-01	9.68661e-01	9.65681e-01
forestry	1/1/1999	1	1	1999	1	5	1.00000e+00	1.00000e+00	9.23326e-01	9.79869e-01	9.56105e-01
forestry	1/1/1999	1	1	1999	1	6	2.00000e+00	1.00000e+00	9.61572e-01	9.68585e-01	9.65637e-01
forestry	1/1/1999	1	1	1999	1	7	0.00000e+00	0.00000e+00	9.81062e-01	9.69363e-01	9.74280e-01
forestry	1/1/1999	1	1	1999	1	8	1.00000e+00	0.00000e+00	9.82447e-01	9.56496e-01	9.67403e-01
forestry	1/1/1999	1	1	1999	1	9	2.00000e+00	0.00000e+00	9.81062e-01	9.69092e-01	9.74123e-01
forestry	1/2/1999	1	2	1999	32	1	0.00000e+00	2.00000e+00	9.96937e-01	9.94826e-01	9.95701e-01
forestry	1/2/1999	1	2	1999	32	2	1.00000e+00	2.00000e+00	9.95756e-01	9.91965e-01	9.93536e-01
forestry	1/2/1999	1	2	1999	32	3	2.00000e+00	2.00000e+00	9.96937e-01	9.94880e-01	9.95732e-01
forestry	1/2/1999	1	2	1999	32	4	0.00000e+00	1.00000e+00	9.68373e-01	9.89891e-01	9.80974e-01
forestry	1/2/1999	1	2	1999	32	5	1.00000e+00	1.00000e+00	9.35004e-01	9.93969e-01	9.69533e-01
forestry	1/2/1999	1	2	1999	32	6	2.00000e+00	1.00000e+00	9.68373e-01	9.89861e-01	9.80957e-01
forestry	1/2/1999	1	2	1999	32	7	0.00000e+00	0.00000e+00	9.86178e-01	9.89477e-01	9.88110e-01
forestry	1/2/1999	1	2	1999	32	8	1.00000e+00	0.00000e+00	9.89962e-01	9.86576e-01	9.87979e-01
forestry	1/2/1999	1	2	1999	32	9	2.00000e+00	0.00000e+00	9.86178e-01	9.89436e-01	9.88086e-01
forestry	1/3/1999	1	3	1999	60	1	0.00000e+00	2.00000e+00	9.96937e-01	9.93739e-01	9.94956e-01
forestry	1/3/1999	1	3	1999	60	2	1.00000e+00	2.00000e+00	9.95756e-01	9.92073e-01	9.93473e-01
forestry	1/3/1999	1	3	1999	60	3	2.00000e+00	2.00000e+00	9.96937e-01	9.93704e-01	9.94934e-01
forestry	1/3/1999	1	3	1999	60	4	0.00000e+00	1.00000e+00	9.68373e-01	9.93450e-01	9.83913e-01
forestry	1/3/1999	1	3	1999	60	5	1.00000e+00	1.00000e+00	9.35004e-01	9.96918e-01	9.73371e-01
forestry	1/3/1999	1	3	1999	60	6	2.00000e+00	1.00000e+00	9.68373e-01	9.93473e-01	9.83928e-01
forestry	1/3/1999	1	3	1999	60	7	0.00000e+00	0.00000e+00	9.86179e-01	9.90431e-01	9.88814e-01
forestry	1/3/1999	1	3	1999	60	8	1.00000e+00	0.00000e+00	9.89962e-01	9.91551e-01	9.90947e-01
forestry	1/3/1999	1	3	1999	60	9	2.00000e+00	0.00000e+00	9.86178e-01	9.90460e-01	9.88832e-01
forestry	1/4/1999	1	4	1999	91	1	0.00000e+00	2.00000e+00	9.96937e-01	9.90005e-01	9.92770e-01
forestry	1/4/1999	1	4	1999	91	2	1.00000e+00	2.00000e+00	9.95755e-01	9.87608e-01	9.90858e-01
forestry	1/4/1999	1	4	1999	91	3	2.00000e+00	2.00000e+00	9.96937e-01	9.90006e-01	9.92771e-01
forestry	1/4/1999	1	4	1999	91	4	0.00000e+00	1.00000e+00	9.68373e-01	9.97220e-01	9.85712e-01
forestry	1/4/1999	1	4	1999	91	5	1.00000e+00	1.00000e+00	9.35003e-01	9.97293e-01	9.72444e-01
forestry	1/4/1999	1	4	1999	91	6	2.00000e+00	1.00000e+00	9.68373e-01	9.97213e-01	9.85708e-01
forestry	1/4/1999	1	4	1999	91	7	0.00000e+00	0.00000e+00	9.86178e-01	9.96075e-01	9.92127e-01
forestry	1/4/1999	1	4	1999	91	8	1.00000e+00	0.00000e+00	9.89962e-01	9.96248e-01	9.93740e-01
forestry	1/4/1999	1	4	1999	91	9	2.00000e+00	0.00000e+00	9.86178e-01	9.96102e-01	9.92143e-01
forestry	1/5/1999	1	5	1999	121	1	0.00000e+00	2.00000e+00	9.93442e-01	9.87818e-01	9.90231e-01
forestry	1/5/1999	1	5	1999	121	2	1.00000e+00	2.00000e+00	9.90964e-01	9.84009e-01	9.86994e-01
forestry	1/5/1999	1	5	1999	121	3	2.00000e+00	2.00000e+00	9.93442e-01	9.87743e-01	9.90189e-01
forestry	1/5/1999	1	5	1999	121	4	0.00000e+00	1.00000e+00	9.64110e-01	9.76535e-01	9.71203e-01
forestry	1/5/1999	1	5	1999	121	5	1.00000e+00	1.00000e+00	9.28758e-01	9.69484e-01	9.52006e-01
forestry	1/5/1999	1	5	1999	121	6	2.00000e+00	1.00000e+00	9.64110e-01	9.76471e-01	9.71166e-01
forestry	1/5/1999	1	5	1999	121	7	0.00000e+00	0.00000e+00	9.82928e-01	9.83096e-01	9.83024e-01
forestry	1/5/1999	1	5	1999	121	8	1.00000e+00	0.00000e+00	9.85234e-01	9.92879e-01	9.89598e-01
forestry	1/5/1999	1	5	1999	121	9	2.00000e+00	0.00000e+00	9.82928e-01	9.83107e-01	9.83030e-01
forestry	1/6/1999	1	6	1999	152	1	0.00000e+00	2.00000e+00	9.19151e-01	9.03603e-01	9.10627e-01
forestry	1/6/1999	1	6	1999	152	2	1.00000e+00	2.00000e+00	8.88843e-01	8.80011e-01	8.84001e-01
forestry	1/6/1999	1	6	1999	152	3	2.00000e+00	2.00000e+00	9.19151e-01	9.02999e-01	9.10296e-01
forestry	1/6/1999	1	6	1999	152	4	0.00000e+00	1.00000e+00	8.71950e-01	8.04851e-01	8.35166e-01
forestry	1/6/1999	1	6	1999	152	5	1.00000e+00	1.00000e+00	7.93350e-01	7.65412e-01	7.78034e-01
forestry	1/6/1999	1	6	1999	152	6	2.00000e+00	1.00000e+00	8.71950e-01	8.04165e-01	8.34790e-01
forestry	1/6/1999	1	6	1999	152	7	0.00000e+00	0.00000e+00	9.13013e-01	9.49956e-01	9.33265e-01
forestry	1/6/1999	1	6	1999	152	8	1.00000e+00	0.00000e+00	8.85343e-01	9.49272e-01	9.20390e-01
forestry	1/6/1999	1	6	1999	152	9	2.00000e+00	0.00000e+00	9.13013e-01	9.50055e-01	9.33320e-01
forestry	1/7/1999	1	7	1999	182	1	0.00000e+00	2.00000e+00	8.41609e-01	8.43644e-01	8.42898e-01
forestry	1/7/1999	1	7	1999	182	2	1.00000e+00	2.00000e+00	7.90497e-01	7.92227e-01	7.91592e-01
forestry	1/7/1999	1	7	1999	182	3	2.00000e+00	2.00000e+00	8.41609e-01	8.43840e-01	8.43021e-01
forestry	1/7/1999	1	7	1999	182	4	0.00000e+00	1.00000e+00	7.83319e-01	6.65473e-01	7.08725e-01
forestry	1/7/1999	1	7	1999	182	5	1.00000e+00	1.00000e+00	6.63957e-01	6.09264e-01	6.29337e-01
forestry	1/7/1999	1	7	1999	182	6	2.00000e+00	1.00000e+00	7.83319e-01	6.65398e-01	7.08677e-01
forestry	1/7/1999	1	7	1999	182	7	0.00000e+00	0.00000e+00	8.38432e-01	8.99429e-01	8.77042e-01
forestry	1/7/1999	1	7	1999	182	8	1.00000e+00	0.00000e+00	7.89258e-01	9.09686e-01	8.65487e-01
forestry	1/7/1999	1	7	1999	182	9	2.00000e+00	0.00000e+00	8.38432e-01	8.99514e-01	8.77096e-01
forestry	1/8/1999	1	8	1999	213	1	0.00000e+00	2.00000e+00	7.82573e-01	7.58167e-01	7.67054e-01
forestry	1/8/1999	1	8	1999	213	2	1.00000e+00	2.00000e+00	7.35754e-01	7.04626e-01	7.15960e-01
forestry	1/8/1999	1	8	1999	213	3	2.00000e+00	2.00000e+00	7.82573e-01	7.56154e-01	7.65773e-01
forestry	1/8/1999	1	8	1999	213	4	0.00000e+00	1.00000e+00	7.32736e-01	6.04136e-01	6.50962e-01
forestry	1/8/1999	1	8	1999	213	5	1.00000e+00	1.00000e+00	6.06344e-01	5.53838e-01	5.72957e-01
forestry	1/8/1999	1	8	1999	213	6	2.00000e+00	1.00000e+00	7.32736e-01	6.02234e-01	6.49753e-01
forestry	1/8/1999	1	8	1999	213	7	0.00000e+00	0.00000e+00	7.80459e-01	8.82338e-01	8.45241e-01
forestry	1/8/1999	1	8	1999	213	8	1.00000e+00	0.00000e+00	7.35754e-01	8.95405e-01	8.37272e-01
forestry	1/8/1999	1	8	1999	213	9	2.00000e+00	0.00000e+00	7.80459e-01	8.82435e-01	8.45303e-01
forestry	1/9/1999	1	9	1999	244	1	0.00000e+00	2.00000e+00	7.77233e-01	6.13458e-01	6.78854e-01
forestry	1/9/1999	1	9	1999	244	2	1.00000e+00	2.00000e+00	7.31297e-01	5.87861e-01	6.45135e-01
forestry	1/9/1999	1	9	1999	244	3	2.00000e+00	2.00000e+00	7.77233e-01	6.13363e-01	6.78797e-01
forestry	1/9/1999	1	9	1999	244	4	0.00000e+00	1.00000e+00	7.28315e-01	6.80696e-01	6.99710e-01
forestry	1/9/1999	1	9	1999	244	5	1.00000e+00	1.00000e+00	6.03326e-01	6.45188e-01	6.28473e-01
forestry	1/9/1999	1	9	1999	244	6	2.00000e+00	1.00000e+00	7.28314e-01	6.80911e-01	6.99839e-01
forestry	1/9/1999	1	9	1999	244	7	0.00000e+00	0.00000e+00	7.75210e-01	8.97177e-01	8.48475e-01
forestry	1/9/1999	1	9	1999	244	8	1.00000e+00	0.00000e+00	7.31297e-01	8.89193e-01	8.26145e-01
forestry	1/9/1999	1	9	1999	244	9	2.00000e+00	0.00000e+00	7.75210e-01	8.97152e-01	8.48460e-01
forestry	1/10/1999	1	10	1999	274	1	0.00000e+00	2.00000e+00	7.77233e-01	5.22112e-01	6.29013e-01
forestry	1/10/1999	1	10	1999	274	2	1.00000e+00	2.00000e+00	7.31296e-01	4.84038e-01	5.87645e-01
forestry	1/10/1999	1	10	1999	274	3	2.00000e+00	2.00000e+00	7.77233e-01	5.22137e-01	6.29028e-01
forestry	1/10/1999	1	10	1999	274	4	0.00000e+00	1.00000e+00	7.28315e-01	8.27848e-01	7.86141e-01
forestry	1/10/1999	1	10	1999	274	5	1.00000e+00	1.00000e+00	6.03327e-01	7.81001e-01	7.06551e-01
forestry	1/10/1999	1	10	1999	274	6	2.00000e+00	1.00000e+00	7.28314e-01	8.27826e-01	7.86128e-01
forestry	1/10/1999	1	10	1999	274	7	0.00000e+00	0.00000e+00	7.75210e-01	7.58511e-01	7.65508e-01
forestry	1/10/1999	1	10	1999	274	8	1.00000e+00	0.00000e+00	7.31296e-01	7.66829e-01	7.51940e-01
forestry	1/10/1999	1	10	1999	274	9	2.00000e+00	0.00000e+00	7.75210e-01	7.58357e-01	7.65419e-01
forestry	1/11/1999	1	11	1999	305	1	0.00000e+00	2.00000e+00	7.77233e-01	5.83520e-01	6.64576e-01
forestry	1/11/1999	1	11	1999	305	2	1.00000e+00	2.00000e+00	7.31296e-01	5.18667e-01	6.07639e-01
forestry	1/11/1999	1	11	1999	305	3	2.00000e+00	2.00000e+00	7.77233e-01	5.82938e-01	6.64238e-01
forestry	1/11/1999	1	11	1999	305	4	0.00000e+00	1.00000e+00	7.28315e-01	7.90261e-01	7.64341e-01
forestry	1/11/1999	1	11	1999	305	5	1.00000e+00	1.00000e+00	6.03326e-01	7.42864e-01	6.84476e-01
forestry	1/11/1999	1	11	1999	305	6	2.00000e+00	1.00000e+00	7.28314e-01	7.90431e-01	7.64439e-01
forestry	1/11/1999	1	11	1999	305	7	0.00000e+00	0.00000e+00	7.75210e-01	5.59137e-01	6.49549e-01
forestry	1/11/1999	1	11	1999	305	8	1.00000e+00	0.00000e+00	7.31296e-01	5.10717e-01	6.03015e-01
forestry	1/11/1999	1	11	1999	305	9	2.00000e+00	0.00000e+00	7.75210e-01	5.58546e-01	6.49206e-01
forestry	1/12/1999	1	12	1999	335	1	0.00000e+00	2.00000e+00	8.22747e-01	6.38963e-01	7.11657e-01
forestry	1/12/1999	1	12	1999	335	2	1.00000e+00	2.00000e+00	7.87805e-01	6.48418e-01	7.03552e-01
forestry	1/12/1999	1	12	1999	335	3	2.00000e+00	2.00000e+00	8.22747e-01	6.38832e-01	7.11578e-01
forestry	1/12/1999	1	12	1999	335	4	0.00000e+00	1.00000e+00	7.81663e-01	6.06008e-01	6.75487e-01
forestry	1/12/1999	1	12	1999	335	5	1.00000e+00	1.00000e+00	6.78373e-01	6.42882e-01	6.56920e-01
forestry	1/12/1999	1	12	1999	335	6	2.00000e+00	1.00000e+00	7.81662e-01	6.05376e-01	6.75105e-01
forestry	1/12/1999	1	12	1999	335	7	0.00000e+00	0.00000e+00	8.19094e-01	5.90114e-01	6.80685e-01
forestry	1/12/1999	1	12	1999	335	8	1.00000e+00	0.00000e+00	7.86047e-01	6.11706e-01	6.80665e-01
forestry	1/12/1999	1	12	1999	335	9	2.00000e+00	0.00000e+00	8.19094e-01	5.89744e-01	6.80462e-01
forestry	1/1/2000	1	1	2000	1	1	0.00000e+00	2.00000e+00	9.78042e-01	9.44420e-01	9.57516e-01
forestry	1/1/2000	1	1	2000	1	2	1.00000e+00	2.00000e+00	9.75285e-01	9.41493e-01	9.54655e-01
forestry	1/1/2000	1	1	2000	1	3	2.00000e+00	2.00000e+00	9.78042e-01	9.44492e-01	9.57560e-01
forestry	1/1/2000	1	1	2000	1	4	0.00000e+00	1.00000e+00	9.63385e-01	9.34745e-01	9.45901e-01
forestry	1/1/2000	1	1	2000	1	5	1.00000e+00	1.00000e+00	9.29853e-01	9.44416e-01	9.38743e-01
forestry	1/1/2000	1	1	2000	1	6	2.00000e+00	1.00000e+00	9.63385e-01	9.34576e-01	9.45798e-01
forestry	1/1/2000	1	1	2000	1	7	0.00000e+00	0.00000e+00	9.68807e-01	9.42701e-01	9.52870e-01
forestry	1/1/2000	1	1	2000	1	8	1.00000e+00	0.00000e+00	9.71607e-01	9.34755e-01	9.49110e-01
forestry	1/1/2000	1	1	2000	1	9	2.00000e+00	0.00000e+00	9.68807e-01	9.42525e-01	9.52762e-01
forestry	1/2/2000	1	2	2000	32	1	0.00000e+00	2.00000e+00	9.88083e-01	9.74515e-01	9.79560e-01
forestry	1/2/2000	1	2	2000	32	2	1.00000e+00	2.00000e+00	9.87162e-01	9.73104e-01	9.78331e-01
forestry	1/2/2000	1	2	2000	32	3	2.00000e+00	2.00000e+00	9.88083e-01	9.74560e-01	9.79589e-01
forestry	1/2/2000	1	2	2000	32	4	0.00000e+00	1.00000e+00	9.74937e-01	9.69388e-01	9.71452e-01
forestry	1/2/2000	1	2	2000	32	5	1.00000e+00	1.00000e+00	9.45250e-01	9.74583e-01	9.63676e-01
forestry	1/2/2000	1	2	2000	32	6	2.00000e+00	1.00000e+00	9.74937e-01	9.69368e-01	9.71439e-01
forestry	1/2/2000	1	2	2000	32	7	0.00000e+00	0.00000e+00	9.78449e-01	9.72869e-01	9.74944e-01
forestry	1/2/2000	1	2	2000	32	8	1.00000e+00	0.00000e+00	9.83399e-01	9.70583e-01	9.75349e-01
forestry	1/2/2000	1	2	2000	32	9	2.00000e+00	0.00000e+00	9.78450e-01	9.72770e-01	9.74882e-01
forestry	1/3/2000	1	3	2000	61	1	0.00000e+00	2.00000e+00	9.88083e-01	9.80124e-01	9.83235e-01
forestry	1/3/2000	1	3	2000	61	2	1.00000e+00	2.00000e+00	9.87161e-01	9.77874e-01	9.81504e-01
forestry	1/3/2000	1	3	2000	61	3	2.00000e+00	2.00000e+00	9.88083e-01	9.80099e-01	9.83220e-01
forestry	1/3/2000	1	3	2000	61	4	0.00000e+00	1.00000e+00	9.74937e-01	9.79724e-01	9.77853e-01
forestry	1/3/2000	1	3	2000	61	5	1.00000e+00	1.00000e+00	9.45249e-01	9.82320e-01	9.67830e-01
forestry	1/3/2000	1	3	2000	61	6	2.00000e+00	1.00000e+00	9.74937e-01	9.79815e-01	9.77909e-01
forestry	1/3/2000	1	3	2000	61	7	0.00000e+00	0.00000e+00	9.78449e-01	9.74671e-01	9.76148e-01
forestry	1/3/2000	1	3	2000	61	8	1.00000e+00	0.00000e+00	9.83399e-01	9.75558e-01	9.78623e-01
forestry	1/3/2000	1	3	2000	61	9	2.00000e+00	0.00000e+00	9.78450e-01	9.74705e-01	9.76169e-01
forestry	1/4/2000	1	4	2000	92	1	0.00000e+00	2.00000e+00	9.88083e-01	9.77309e-01	9.81190e-01
forestry	1/4/2000	1	4	2000	92	2	1.00000e+00	2.00000e+00	9.87162e-01	9.74611e-01	9.79132e-01
forestry	1/4/2000	1	4	2000	92	3	2.00000e+00	2.00000e+00	9.88083e-01	9.77313e-01	9.81192e-01
forestry	1/4/2000	1	4	2000	92	4	0.00000e+00	1.00000e+00	9.74937e-01	9.92651e-01	9.86270e-01
forestry	1/4/2000	1	4	2000	92	5	1.00000e+00	1.00000e+00	9.45249e-01	9.90141e-01	9.73971e-01
forestry	1/4/2000	1	4	2000	92	6	2.00000e+00	1.00000e+00	9.74937e-01	9.92635e-01	9.86260e-01
forestry	1/4/2000	1	4	2000	92	7	0.00000e+00	0.00000e+00	9.78449e-01	9.81165e-01	9.80187e-01
forestry	1/4/2000	1	4	2000	92	8	1.00000e+00	0.00000e+00	9.83399e-01	9.79386e-01	9.80832e-01
forestry	1/4/2000	1	4	2000	92	9	2.00000e+00	0.00000e+00	9.78449e-01	9.81169e-01	9.80189e-01
forestry	1/5/2000	1	5	2000	122	1	0.00000e+00	2.00000e+00	9.80435e-01	9.60367e-01	9.68746e-01
forestry	1/5/2000	1	5	2000	122	2	1.00000e+00	2.00000e+00	9.78568e-01	9.59636e-01	9.67540e-01
forestry	1/5/2000	1	5	2000	122	3	2.00000e+00	2.00000e+00	9.80435e-01	9.59958e-01	9.68507e-01
forestry	1/5/2000	1	5	2000	122	4	0.00000e+00	1.00000e+00	9.66696e-01	9.67063e-01	9.66910e-01
forestry	1/5/2000	1	5	2000	122	5	1.00000e+00	1.00000e+00	9.35160e-01	9.56663e-01	9.47686e-01
forestry	1/5/2000	1	5	2000	122	6	2.00000e+00	1.00000e+00	9.66696e-01	9.66787e-01	9.66749e-01
forestry	1/5/2000	1	5	2000	122	7	0.00000e+00	0.00000e+00	9.71007e-01	9.71217e-01	9.71129e-01
forestry	1/5/2000	1	5	2000	122	8	1.00000e+00	0.00000e+00	9.75062e-01	9.84969e-01	9.80832e-01
forestry	1/5/2000	1	5	2000	122	9	2.00000e+00	0.00000e+00	9.71007e-01	9.71110e-01	9.71067e-01
forestry	1/6/2000	1	6	2000	153	1	0.00000e+00	2.00000e+00	8.01831e-01	7.47960e-01	7.67827e-01
forestry	1/6/2000	1	6	2000	153	2	1.00000e+00	2.00000e+00	7.72748e-01	7.25092e-01	7.42667e-01
forestry	1/6/2000	1	6	2000	153	3	2.00000e+00	2.00000e+00	8.01831e-01	7.47270e-01	7.67391e-01
forestry	1/6/2000	1	6	2000	153	4	0.00000e+00	1.00000e+00	7.66006e-01	6.92048e-01	7.19323e-01
forestry	1/6/2000	1	6	2000	153	5	1.00000e+00	1.00000e+00	6.88798e-01	6.46614e-01	6.62171e-01
forestry	1/6/2000	1	6	2000	153	6	2.00000e+00	1.00000e+00	7.66006e-01	6.91362e-01	7.18890e-01
forestry	1/6/2000	1	6	2000	153	7	0.00000e+00	0.00000e+00	7.96513e-01	8.67842e-01	8.41537e-01
forestry	1/6/2000	1	6	2000	153	8	1.00000e+00	0.00000e+00	7.71640e-01	8.83740e-01	8.42399e-01
forestry	1/6/2000	1	6	2000	153	9	2.00000e+00	0.00000e+00	7.96512e-01	8.67561e-01	8.41359e-01
forestry	1/7/2000	1	7	2000	183	1	0.00000e+00	2.00000e+00	6.40709e-01	5.91724e-01	6.09326e-01
forestry	1/7/2000	1	7	2000	183	2	1.00000e+00	2.00000e+00	5.87083e-01	5.54423e-01	5.66158e-01
forestry	1/7/2000	1	7	2000	183	3	2.00000e+00	2.00000e+00	6.40709e-01	5.91890e-01	6.09432e-01
forestry	1/7/2000	1	7	2000	183	4	0.00000e+00	1.00000e+00	5.83877e-01	4.81808e-01	5.18484e-01
forestry	1/7/2000	1	7	2000	183	5	1.00000e+00	1.00000e+00	4.90550e-01	4.09897e-01	4.38878e-01
forestry	1/7/2000	1	7	2000	183	6	2.00000e+00	1.00000e+00	5.83877e-01	4.81690e-01	5.18408e-01
forestry	1/7/2000	1	7	2000	183	7	0.00000e+00	0.00000e+00	6.38467e-01	7.73789e-01	7.25165e-01
forestry	1/7/2000	1	7	2000	183	8	1.00000e+00	0.00000e+00	5.87051e-01	7.85207e-01	7.14005e-01
forestry	1/7/2000	1	7	2000	183	9	2.00000e+00	0.00000e+00	6.38467e-01	7.74026e-01	7.25317e-01
forestry	1/8/2000	1	8	2000	214	1	0.00000e+00	2.00000e+00	5.51778e-01	4.52629e-01	4.86129e-01
forestry	1/8/2000	1	8	2000	214	2	1.00000e+00	2.00000e+00	4.87568e-01	4.17436e-01	4.41131e-01
forestry	1/8/2000	1	8	2000	214	3	2.00000e+00	2.00000e+00	5.51778e-01	4.52261e-01	4.85885e-01
forestry	1/8/2000	1	8	2000	214	4	0.00000e+00	1.00000e+00	4.85522e-01	4.09363e-01	4.35095e-01
forestry	1/8/2000	1	8	2000	214	5	1.00000e+00	1.00000e+00	3.92099e-01	3.35714e-01	3.54765e-01
forestry	1/8/2000	1	8	2000	214	6	2.00000e+00	1.00000e+00	4.85522e-01	4.08313e-01	4.34399e-01
forestry	1/8/2000	1	8	2000	214	7	0.00000e+00	0.00000e+00	5.50995e-01	7.18316e-01	6.61783e-01
forestry	1/8/2000	1	8	2000	214	8	1.00000e+00	0.00000e+00	4.87570e-01	7.27231e-01	6.46257e-01
forestry	1/8/2000	1	8	2000	214	9	2.00000e+00	0.00000e+00	5.50995e-01	7.17946e-01	6.61539e-01
forestry	1/9/2000	1	9	2000	245	1	0.00000e+00	2.00000e+00	5.42829e-01	3.50397e-01	4.29930e-01
forestry	1/9/2000	1	9	2000	245	2	1.00000e+00	2.00000e+00	4.78098e-01	2.87660e-01	3.66369e-01
forestry	1/9/2000	1	9	2000	245	3	2.00000e+00	2.00000e+00	5.42829e-01	3.50055e-01	4.29729e-01
forestry	1/9/2000	1	9	2000	245	4	0.00000e+00	1.00000e+00	4.76204e-01	4.97431e-01	4.88658e-01
forestry	1/9/2000	1	9	2000	245	5	1.00000e+00	1.00000e+00	3.81537e-01	4.50141e-01	4.21787e-01
forestry	1/9/2000	1	9	2000	245	6	2.00000e+00	1.00000e+00	4.76204e-01	4.97089e-01	4.88457e-01
forestry	1/9/2000	1	9	2000	245	7	0.00000e+00	0.00000e+00	5.42054e-01	6.42630e-01	6.01062e-01
forestry	1/9/2000	1	9	2000	245	8	1.00000e+00	0.00000e+00	4.78099e-01	6.04427e-01	5.52215e-01
forestry	1/9/2000	1	9	2000	245	9	2.00000e+00	0.00000e+00	5.42054e-01	6.42085e-01	6.00742e-01
forestry	1/10/2000	1	10	2000	275	1	0.00000e+00	2.00000e+00	5.42829e-01	3.31357e-01	4.10940e-01
forestry	1/10/2000	1	10	2000	275	2	1.00000e+00	2.00000e+00	4.78098e-01	2.82532e-01	3.56129e-01
forestry	1/10/2000	1	10	2000	275	3	2.00000e+00	2.00000e+00	5.42829e-01	3.31493e-01	4.11024e-01
forestry	1/10/2000	1	10	2000	275	4	0.00000e+00	1.00000e+00	4.76204e-01	5.24636e-01	5.06410e-01
forestry	1/10/2000	1	10	2000	275	5	1.00000e+00	1.00000e+00	3.81537e-01	5.30592e-01	4.74499e-01
forestry	1/10/2000	1	10	2000	275	6	2.00000e+00	1.00000e+00	4.76204e-01	5.24265e-01	5.06178e-01
forestry	1/10/2000	1	10	2000	275	7	0.00000e+00	0.00000e+00	5.42055e-01	4.31291e-01	4.72974e-01
forestry	1/10/2000	1	10	2000	275	8	1.00000e+00	0.00000e+00	4.78099e-01	3.74653e-01	4.13583e-01
forestry	1/10/2000	1	10	2000	275	9	2.00000e+00	0.00000e+00	5.42054e-01	4.31134e-01	4.72877e-01
forestry	1/11/2000	1	11	2000	306	1	0.00000e+00	2.00000e+00	5.42829e-01	3.72711e-01	4.44076e-01
forestry	1/11/2000	1	11	2000	306	2	1.00000e+00	2.00000e+00	4.78098e-01	3.01866e-01	3.75796e-01
forestry	1/11/2000	1	11	2000	306	3	2.00000e+00	2.00000e+00	5.42829e-01	3.72671e-01	4.44053e-01
forestry	1/11/2000	1	11	2000	306	4	0.00000e+00	1.00000e+00	4.76204e-01	3.56998e-01	4.07006e-01
forestry	1/11/2000	1	11	2000	306	5	1.00000e+00	1.00000e+00	3.81537e-01	3.69593e-01	3.74604e-01
forestry	1/11/2000	1	11	2000	306	6	2.00000e+00	1.00000e+00	4.76204e-01	3.58935e-01	4.08130e-01
forestry	1/11/2000	1	11	2000	306	7	0.00000e+00	0.00000e+00	5.42055e-01	2.88276e-01	3.94737e-01
forestry	1/11/2000	1	11	2000	306	8	1.00000e+00	0.00000e+00	4.78099e-01	2.52370e-01	3.47065e-01
forestry	1/11/2000	1	11	2000	306	9	2.00000e+00	0.00000e+00	5.42054e-01	2.88976e-01	3.95144e-01
forestry	1/12/2000	1	12	2000	336	1	0.00000e+00	2.00000e+00	6.18705e-01	3.57964e-01	4.96509e-01
forestry	1/12/2000	1	12	2000	336	2	1.00000e+00	2.00000e+00	5.67227e-01	3.64488e-01	4.72214e-01
forestry	1/12/2000	1	12	2000	336	3	2.00000e+00	2.00000e+00	6.18705e-01	3.58493e-01	4.96757e-01
forestry	1/12/2000	1	12	2000	336	4	0.00000e+00	1.00000e+00	5.64206e-01	3.39358e-01	4.58832e-01
forestry	1/12/2000	1	12	2000	336	5	1.00000e+00	1.00000e+00	4.84586e-01	3.14667e-01	4.04954e-01
forestry	1/12/2000	1	12	2000	336	6	2.00000e+00	1.00000e+00	5.64206e-01	3.39655e-01	4.58970e-01
forestry	1/12/2000	1	12	2000	336	7	0.00000e+00	0.00000e+00	6.16313e-01	3.20281e-01	4.77578e-01
forestry	1/12/2000	1	12	2000	336	8	1.00000e+00	0.00000e+00	5.67262e-01	2.75839e-01	4.30687e-01
forestry	1/12/2000	1	12	2000	336	9	2.00000e+00	0.00000e+00	6.16313e-01	3.20863e-01	4.77851e-01
forestry	1/1/2001	1	1	2001	1	1	0.00000e+00	2.00000e+00	9.42288e-01	8.78882e-01	9.11213e-01
forestry	1/1/2001	1	1	2001	1	2	1.00000e+00	2.00000e+00	9.38638e-01	8.77476e-01	9.08663e-01
forestry	1/1/2001	1	1	2001	1	3	2.00000e+00	2.00000e+00	9.42288e-01	8.78899e-01	9.11221e-01
forestry	1/1/2001	1	1	2001	1	4	0.00000e+00	1.00000e+00	9.32329e-01	8.70255e-01	9.01907e-01
forestry	1/1/2001	1	1	2001	1	5	1.00000e+00	1.00000e+00	9.08426e-01	8.71806e-01	8.90479e-01
forestry	1/1/2001	1	1	2001	1	6	2.00000e+00	1.00000e+00	9.32329e-01	8.70380e-01	9.01968e-01
forestry	1/1/2001	1	1	2001	1	7	0.00000e+00	0.00000e+00	9.31833e-01	8.70726e-01	9.01885e-01
forestry	1/1/2001	1	1	2001	1	8	1.00000e+00	0.00000e+00	9.39154e-01	8.63633e-01	9.02141e-01
forestry	1/1/2001	1	1	2001	1	9	2.00000e+00	0.00000e+00	9.31833e-01	8.70662e-01	9.01854e-01
forestry	1/2/2001	1	2	2001	32	1	0.00000e+00	2.00000e+00	9.64864e-01	9.28858e-01	9.46073e-01
forestry	1/2/2001	1	2	2001	32	2	1.00000e+00	2.00000e+00	9.63778e-01	9.29529e-01	9.45904e-01
forestry	1/2/2001	1	2	2001	32	3	2.00000e+00	2.00000e+00	9.64864e-01	9.28902e-01	9.46096e-01
forestry	1/2/2001	1	2	2001	32	4	0.00000e+00	1.00000e+00	9.57288e-01	9.24005e-01	9.39918e-01
forestry	1/2/2001	1	2	2001	32	5	1.00000e+00	1.00000e+00	9.36501e-01	9.25744e-01	9.30887e-01
forestry	1/2/2001	1	2	2001	32	6	2.00000e+00	1.00000e+00	9.57288e-01	9.23900e-01	9.39863e-01
forestry	1/2/2001	1	2	2001	32	7	0.00000e+00	0.00000e+00	9.53770e-01	9.23712e-01	9.38083e-01
forestry	1/2/2001	1	2	2001	32	8	1.00000e+00	0.00000e+00	9.64368e-01	9.20584e-01	9.41518e-01
forestry	1/2/2001	1	2	2001	32	9	2.00000e+00	0.00000e+00	9.53770e-01	9.23733e-01	9.38094e-01
forestry	1/3/2001	1	3	2001	60	1	0.00000e+00	2.00000e+00	9.64864e-01	9.43070e-01	9.51101e-01
forestry	1/3/2001	1	3	2001	60	2	1.00000e+00	2.00000e+00	9.63778e-01	9.42482e-01	9.50329e-01
forestry	1/3/2001	1	3	2001	60	3	2.00000e+00	2.00000e+00	9.64864e-01	9.43060e-01	9.51094e-01
forestry	1/3/2001	1	3	2001	60	4	0.00000e+00	1.00000e+00	9.57288e-01	9.41552e-01	9.47350e-01
forestry	1/3/2001	1	3	2001	60	5	1.00000e+00	1.00000e+00	9.36501e-01	9.41169e-01	9.39449e-01
forestry	1/3/2001	1	3	2001	60	6	2.00000e+00	1.00000e+00	9.57288e-01	9.41607e-01	9.47385e-01
forestry	1/3/2001	1	3	2001	60	7	0.00000e+00	0.00000e+00	9.53769e-01	9.37351e-01	9.43400e-01
forestry	1/3/2001	1	3	2001	60	8	1.00000e+00	0.00000e+00	9.64367e-01	9.36214e-01	9.46588e-01
forestry	1/3/2001	1	3	2001	60	9	2.00000e+00	0.00000e+00	9.53769e-01	9.37337e-01	9.43392e-01
forestry	1/4/2001	1	4	2001	91	1	0.00000e+00	2.00000e+00	9.64864e-01	9.50603e-01	9.57025e-01
forestry	1/4/2001	1	4	2001	91	2	1.00000e+00	2.00000e+00	9.63779e-01	9.49615e-01	9.55993e-01
forestry	1/4/2001	1	4	2001	91	3	2.00000e+00	2.00000e+00	9.64864e-01	9.50607e-01	9.57027e-01
forestry	1/4/2001	1	4	2001	91	4	0.00000e+00	1.00000e+00	9.57288e-01	9.63378e-01	9.60636e-01
forestry	1/4/2001	1	4	2001	91	5	1.00000e+00	1.00000e+00	9.36501e-01	9.64853e-01	9.52086e-01
forestry	1/4/2001	1	4	2001	91	6	2.00000e+00	1.00000e+00	9.57288e-01	9.63374e-01	9.60634e-01
forestry	1/4/2001	1	4	2001	91	7	0.00000e+00	0.00000e+00	9.53770e-01	9.48556e-01	9.50904e-01
forestry	1/4/2001	1	4	2001	91	8	1.00000e+00	0.00000e+00	9.64368e-01	9.47894e-01	9.55312e-01
forestry	1/4/2001	1	4	2001	91	9	2.00000e+00	0.00000e+00	9.53770e-01	9.48592e-01	9.50924e-01
forestry	1/5/2001	1	5	2001	121	1	0.00000e+00	2.00000e+00	9.02850e-01	8.73921e-01	8.85388e-01
forestry	1/5/2001	1	5	2001	121	2	1.00000e+00	2.00000e+00	8.94959e-01	8.60340e-01	8.74063e-01
forestry	1/5/2001	1	5	2001	121	3	2.00000e+00	2.00000e+00	9.02850e-01	8.74056e-01	8.85470e-01
forestry	1/5/2001	1	5	2001	121	4	0.00000e+00	1.00000e+00	8.88989e-01	9.11593e-01	9.02633e-01
forestry	1/5/2001	1	5	2001	121	5	1.00000e+00	1.00000e+00	8.61379e-01	8.99447e-01	8.84357e-01
forestry	1/5/2001	1	5	2001	121	6	2.00000e+00	1.00000e+00	8.88989e-01	9.11648e-01	9.02666e-01
forestry	1/5/2001	1	5	2001	121	7	0.00000e+00	0.00000e+00	8.93229e-01	9.13234e-01	9.05304e-01
forestry	1/5/2001	1	5	2001	121	8	1.00000e+00	0.00000e+00	8.95442e-01	9.14521e-01	9.06958e-01
forestry	1/5/2001	1	5	2001	121	9	2.00000e+00	0.00000e+00	8.93229e-01	9.13467e-01	9.05445e-01
forestry	1/6/2001	1	6	2001	152	1	0.00000e+00	2.00000e+00	6.24297e-01	5.09717e-01	5.57083e-01
forestry	1/6/2001	1	6	2001	152	2	1.00000e+00	2.00000e+00	5.82895e-01	4.83861e-01	5.24800e-01
forestry	1/6/2001	1	6	2001	152	3	2.00000e+00	2.00000e+00	6.24297e-01	5.09523e-01	5.56969e-01
forestry	1/6/2001	1	6	2001	152	4	0.00000e+00	1.00000e+00	5.79341e-01	5.21671e-01	5.45511e-01
forestry	1/6/2001	1	6	2001	152	5	1.00000e+00	1.00000e+00	5.15087e-01	4.78482e-01	4.93614e-01
forestry	1/6/2001	1	6	2001	152	6	2.00000e+00	1.00000e+00	5.79341e-01	5.21208e-01	5.45240e-01
forestry	1/6/2001	1	6	2001	152	7	0.00000e+00	0.00000e+00	6.20041e-01	7.13430e-01	6.74824e-01
forestry	1/6/2001	1	6	2001	152	8	1.00000e+00	0.00000e+00	5.82950e-01	7.20353e-01	6.63552e-01
forestry	1/6/2001	1	6	2001	152	9	2.00000e+00	0.00000e+00	6.20041e-01	7.12884e-01	6.74504e-01
forestry	1/7/2001	1	7	2001	182	1	0.00000e+00	2.00000e+00	4.57401e-01	3.76692e-01	4.03752e-01
forestry	1/7/2001	1	7	2001	182	2	1.00000e+00	2.00000e+00	4.04192e-01	3.35651e-01	3.58631e-01
forestry	1/7/2001	1	7	2001	182	3	2.00000e+00	2.00000e+00	4.57401e-01	3.76711e-01	4.03765e-01
forestry	1/7/2001	1	7	2001	182	4	0.00000e+00	1.00000e+00	4.02637e-01	3.50019e-01	3.67660e-01
forestry	1/7/2001	1	7	2001	182	5	1.00000e+00	1.00000e+00	3.15898e-01	2.81946e-01	2.93329e-01
forestry	1/7/2001	1	7	2001	182	6	2.00000e+00	1.00000e+00	4.02637e-01	3.49756e-01	3.67486e-01
forestry	1/7/2001	1	7	2001	182	7	0.00000e+00	0.00000e+00	4.55188e-01	6.20403e-01	5.65010e-01
forestry	1/7/2001	1	7	2001	182	8	1.00000e+00	0.00000e+00	4.04348e-01	6.37331e-01	5.59218e-01
forestry	1/7/2001	1	7	2001	182	9	2.00000e+00	0.00000e+00	4.55188e-01	6.20429e-01	5.65027e-01
